Epoch               Cost                
========================================
0                   14.96714959668105   
1                   14.96714959668105   
2                   19.571973290449385  
3                   14.96714959668105   
4                   14.96714959668105   
5                   19.571973290449385  
6                   14.96714959668105   
7                   14.96714959668105   
8                   19.571973290449385  
9                   14.96714959668105   
10                  14.96714959668105   
11                  19.571973290449385  
12                  14.96714959668105   
13                  13.815830396936352  
14                  19.571973290449385  
========================================
