Epoch               Cost                
========================================
0                   18.42093394980526   
1                   20.72354569604698   
2                   19.57223982292612   
3                   19.57223982292612   
4                   17.269628076684402  
5                   20.72354569604698   
6                   18.420933949805264  
7                   19.57223982292612   
8                   19.57223982292612   
9                   19.57223982292612   
10                  19.57223982292612   
11                  19.57223982292612   
12                  18.996593549677605  
13                  20.72354569604698   
14                  19.57223982292612   
15                  17.269628076684405  
16                  19.572239822926118  
17                  20.72354569604698   
18                  17.269628076684405  
19                  20.72354569604698   
20                  19.57223982292612   
21                  17.269628076684405  
22                  20.72354569604698   
23                  19.57223982292612   
24                  18.420933949805264  
25                  17.269628076684405  
26                  19.572239822926118  
27                  20.72354569604698   
28                  18.420933949805264  
29                  19.57223982292612   
30                  17.269628076684405  
31                  20.72354569604698   
32                  19.57223982292612   
33                  17.269628076684405  
34                  20.72354569604698   
35                  17.269628076684405  
36                  19.572239822926118  
37                  20.72354569604698   
38                  17.269628076684405  
39                  20.72354569604698   
40                  19.57223982292612   
41                  17.269628076684405  
42                  20.72354569604698   
43                  19.57223982292612   
44                  18.420933949805264  
45                  17.269628076684405  
46                  19.572239822926118  
47                  20.72354569604698   
48                  18.420933949805264  
49                  19.57223982292612   
50                  17.269628076684405  
51                  20.72354569604698   
52                  19.57223982292612   
53                  17.269628076684405  
54                  20.72354569604698   
55                  19.57223982292612   
56                  19.57223982292612   
57                  18.996593549677605  
58                  20.72354569604698   
59                  19.57223982292612   
60                  17.269628076684405  
61                  19.572239822926118  
62                  20.72354569604698   
63                  17.269628076684405  
64                  20.72354569604698   
65                  19.57223982292612   
66                  17.269628076684405  
67                  20.72354569604698   
68                  19.57223982292612   
69                  18.420933949805264  
70                  17.269628076684405  
71                  19.572239822926118  
72                  20.72354569604698   
73                  18.420933949805264  
74                  19.57223982292612   
75                  17.269628076684405  
76                  20.72354569604698   
77                  19.57223982292612   
78                  17.269628076684405  
79                  20.72354569604698   
80                  19.57223982292612   
81                  19.57223982292612   
82                  18.996593549677605  
83                  20.72354569604698   
84                  19.57223982292612   
85                  17.269628076684405  
86                  19.572239822926118  
87                  20.72354569604698   
88                  17.269628076684405  
89                  20.72354569604698   
90                  19.57223982292612   
91                  17.269628076684405  
92                  20.72354569604698   
93                  19.57223982292612   
94                  18.420933949805264  
95                  17.269628076684405  
96                  19.572239822926118  
97                  20.72354569604698   
98                  18.420933949805264  
99                  19.57223982292612   
100                 17.269628076684405  
101                 20.72354569604698   
102                 19.57223982292612   
103                 17.269628076684405  
104                 20.72354569604698   
105                 19.57223982292612   
106                 19.57223982292612   
107                 18.996593549677605  
108                 20.72354569604698   
109                 19.57223982292612   
110                 17.269628076684405  
111                 19.572239822926118  
112                 20.72354569604698   
113                 17.269628076684405  
114                 20.72354569604698   
115                 19.57223982292612   
116                 17.269628076684405  
117                 20.72354569604698   
118                 19.57223982292612   
119                 18.420933949805264  
120                 17.269628076684405  
121                 19.572239822926118  
122                 20.72354569604698   
123                 18.420933949805264  
124                 19.57223982292612   
125                 17.269628076684405  
126                 20.72354569604698   
127                 19.57223982292612   
128                 17.269628076684405  
129                 20.72354569604698   
130                 17.269628076684405  
131                 19.572239822926118  
132                 20.72354569604698   
133                 17.269628076684405  
134                 20.72354569604698   
135                 19.57223982292612   
136                 17.269628076684405  
137                 20.72354569604698   
138                 19.57223982292612   
139                 18.420933949805264  
140                 17.269628076684405  
141                 19.572239822926118  
142                 20.72354569604698   
143                 18.420933949805264  
144                 19.57223982292612   
145                 17.269628076684405  
146                 20.72354569604698   
147                 19.57223982292612   
148                 17.269628076684405  
149                 20.72354569604698   
150                 19.57223982292612   
151                 19.57223982292612   
152                 18.996593549677605  
153                 20.72354569604698   
154                 19.57223982292612   
155                 17.269628076684405  
156                 19.572239822926118  
157                 20.72354569604698   
158                 17.269628076684405  
159                 20.72354569604698   
160                 19.57223982292612   
161                 17.269628076684405  
162                 20.72354569604698   
163                 19.57223982292612   
164                 18.420933949805264  
165                 17.269628076684405  
166                 19.572239822926118  
167                 20.72354569604698   
168                 18.420933949805264  
169                 19.57223982292612   
170                 17.269628076684405  
171                 20.72354569604698   
172                 19.57223982292612   
173                 17.269628076684405  
174                 20.72354569604698   
175                 19.57223982292612   
176                 19.57223982292612   
177                 18.996593549677605  
178                 20.72354569604698   
179                 19.57223982292612   
180                 17.269628076684405  
181                 19.572239822926118  
182                 20.72354569604698   
183                 17.269628076684405  
184                 20.72354569604698   
185                 19.57223982292612   
186                 17.269628076684405  
187                 20.72354569604698   
188                 19.57223982292612   
189                 18.420933949805264  
190                 17.269628076684405  
191                 19.572239822926118  
192                 20.72354569604698   
193                 18.420933949805264  
194                 19.57223982292612   
195                 17.269628076684405  
196                 20.72354569604698   
197                 19.57223982292612   
198                 17.269628076684405  
199                 20.72354569604698   
200                 19.57223982292612   
201                 19.57223982292612   
202                 18.996593549677605  
203                 20.72354569604698   
204                 19.57223982292612   
205                 17.269628076684405  
206                 19.572239822926118  
207                 20.72354569604698   
208                 17.269628076684405  
209                 20.72354569604698   
210                 18.420933949805264  
211                 19.57223982292612   
212                 19.57223982292612   
213                 17.269628076684405  
214                 20.72354569604698   
215                 18.420933949805264  
216                 19.57223982292612   
217                 19.57223982292612   
218                 18.996593549677605  
219                 20.72354569604698   
220                 19.57223982292612   
221                 19.57223982292612   
222                 18.420933949805264  
223                 18.420933949805264  
224                 19.57223982292612   
225                 19.57223982292612   
226                 21.29920529591932   
227                 17.269628076684405  
228                 20.72354569604698   
229                 18.420933949805264  
230                 19.57223982292612   
231                 19.57223982292612   
232                 18.996593549677605  
233                 20.72354569604698   
234                 19.57223982292612   
235                 19.57223982292612   
236                 19.57223982292612   
237                 18.42093394980526   
238                 19.57223982292612   
239                 19.57223982292612   
240                 18.996593549677605  
241                 20.72354569604698   
242                 19.57223982292612   
243                 18.420933949805264  
244                 18.420933949805264  
245                 18.42093394980526   
246                 20.72354569604698   
247                 18.420933949805264  
248                 19.57223982292612   
249                 17.269628076684405  
250                 20.72354569604698   
251                 19.57223982292612   
252                 17.269628076684405  
253                 20.72354569604698   
254                 19.57223982292612   
255                 19.57223982292612   
256                 18.996593549677605  
257                 20.72354569604698   
258                 19.57223982292612   
259                 17.269628076684405  
260                 19.572239822926118  
261                 20.72354569604698   
262                 17.269628076684405  
263                 20.72354569604698   
264                 18.420933949805264  
265                 19.57223982292612   
266                 19.57223982292612   
267                 17.269628076684405  
268                 20.72354569604698   
269                 18.420933949805264  
270                 19.57223982292612   
271                 19.57223982292612   
272                 18.996593549677605  
273                 20.72354569604698   
274                 19.57223982292612   
275                 19.57223982292612   
276                 18.420933949805264  
277                 18.420933949805264  
278                 19.57223982292612   
279                 19.57223982292612   
280                 21.29920529591932   
281                 17.269628076684405  
282                 20.72354569604698   
283                 18.420933949805264  
284                 19.57223982292612   
285                 19.57223982292612   
286                 18.996593549677605  
287                 20.72354569604698   
288                 19.57223982292612   
289                 19.57223982292612   
290                 18.420933949805264  
291                 18.420933949805264  
292                 19.57223982292612   
293                 19.57223982292612   
294                 21.29920529591932   
295                 17.269628076684405  
296                 20.72354569604698   
297                 18.420933949805264  
298                 19.57223982292612   
299                 19.57223982292612   
300                 18.996593549677605  
301                 20.72354569604698   
302                 19.57223982292612   
303                 19.57223982292612   
304                 19.57223982292612   
305                 18.996593549677605  
306                 20.72354569604698   
307                 19.57223982292612   
308                 17.269628076684405  
309                 19.572239822926118  
310                 20.72354569604698   
311                 17.269628076684405  
312                 20.72354569604698   
313                 17.269628076684405  
314                 20.72354569604698   
315                 19.57223982292612   
316                 18.996593549677605  
317                 20.72354569604698   
318                 19.57223982292612   
319                 17.269628076684405  
320                 20.72354569604698   
321                 18.420933949805264  
322                 19.57223982292612   
323                 19.57223982292612   
324                 19.57223982292612   
325                 19.57223982292612   
326                 19.57223982292612   
327                 18.996593549677605  
328                 20.72354569604698   
329                 19.57223982292612   
330                 17.269628076684405  
331                 19.572239822926118  
332                 20.72354569604698   
333                 17.269628076684405  
334                 20.72354569604698   
335                 19.57223982292612   
336                 18.996593549677605  
337                 20.72354569604698   
338                 19.57223982292612   
339                 18.420933949805264  
340                 18.420933949805264  
341                 18.42093394980526   
342                 20.72354569604698   
343                 19.57223982292612   
344                 17.269628076684402  
345                 20.72354569604698   
346                 18.420933949805264  
347                 19.57223982292612   
348                 19.57223982292612   
349                 19.57223982292612   
350                 17.269628076684405  
351                 19.572239822926118  
352                 20.72354569604698   
353                 18.420933949805264  
354                 19.57223982292612   
355                 17.269628076684405  
356                 20.72354569604698   
357                 19.57223982292612   
358                 17.269628076684405  
359                 20.72354569604698   
360                 19.57223982292612   
361                 19.57223982292612   
362                 18.996593549677605  
363                 20.72354569604698   
364                 19.57223982292612   
365                 18.420933949805264  
366                 18.42093394980526   
367                 20.72354569604698   
368                 18.420933949805264  
369                 19.57223982292612   
370                 17.845274349932918  
371                 18.42093394980526   
372                 19.57223982292612   
373                 19.57223982292612   
374                 18.996593549677605  
375                 20.72354569604698   
376                 19.57223982292612   
377                 17.269628076684405  
378                 19.572239822926118  
379                 20.72354569604698   
380                 17.269628076684405  
381                 20.72354569604698   
382                 19.57223982292612   
383                 21.29920529591932   
384                 17.269628076684405  
385                 20.72354569604698   
386                 19.57223982292612   
387                 18.420933949805264  
388                 20.147899422798467  
389                 20.72354569604698   
390                 19.57223982292612   
391                 17.269628076684405  
392                 19.572239822926118  
393                 20.72354569604698   
394                 17.269628076684405  
395                 20.72354569604698   
396                 19.57223982292612   
397                 17.269628076684405  
398                 20.72354569604698   
399                 19.57223982292612   
400                 18.420933949805264  
401                 18.420933949805264  
402                 19.57223982292612   
403                 19.57223982292612   
404                 18.996593549677605  
405                 20.72354569604698   
406                 19.57223982292612   
407                 17.269628076684405  
408                 20.72354569604698   
409                 18.420933949805264  
410                 19.57223982292612   
411                 19.57223982292612   
412                 19.57223982292612   
413                 17.269628076684405  
414                 19.572239822926118  
415                 20.72354569604698   
416                 17.269628076684405  
417                 20.72354569604698   
418                 19.57223982292612   
419                 17.269628076684405  
420                 20.72354569604698   
421                 19.57223982292612   
422                 18.420933949805264  
423                 17.269628076684405  
424                 19.572239822926118  
425                 20.72354569604698   
426                 18.420933949805264  
427                 19.57223982292612   
428                 17.269628076684405  
429                 20.72354569604698   
430                 19.57223982292612   
431                 17.269628076684405  
432                 20.72354569604698   
433                 19.57223982292612   
434                 19.57223982292612   
435                 18.996593549677605  
436                 20.72354569604698   
437                 19.57223982292612   
438                 17.269628076684405  
439                 19.572239822926118  
440                 20.72354569604698   
441                 17.269628076684405  
442                 20.72354569604698   
443                 19.57223982292612   
444                 17.269628076684405  
445                 20.72354569604698   
446                 19.57223982292612   
447                 18.420933949805264  
448                 17.269628076684405  
449                 19.572239822926118  
450                 20.72354569604698   
451                 18.420933949805264  
452                 19.57223982292612   
453                 17.269628076684405  
454                 20.72354569604698   
455                 19.57223982292612   
456                 17.269628076684405  
457                 20.72354569604698   
458                 19.57223982292612   
459                 19.57223982292612   
460                 18.996593549677605  
461                 20.72354569604698   
462                 19.57223982292612   
463                 17.269628076684405  
464                 19.572239822926118  
465                 20.72354569604698   
466                 17.269628076684405  
467                 20.72354569604698   
468                 18.420933949805264  
469                 19.57223982292612   
470                 19.57223982292612   
471                 17.269628076684405  
472                 20.72354569604698   
473                 18.420933949805264  
474                 19.57223982292612   
475                 19.57223982292612   
476                 18.996593549677605  
477                 20.72354569604698   
478                 19.57223982292612   
479                 19.57223982292612   
480                 18.420933949805264  
481                 18.420933949805264  
482                 19.57223982292612   
483                 19.57223982292612   
484                 21.29920529591932   
485                 17.269628076684405  
486                 20.72354569604698   
487                 18.420933949805264  
488                 19.57223982292612   
489                 19.57223982292612   
490                 18.996593549677605  
491                 20.72354569604698   
492                 19.57223982292612   
493                 19.57223982292612   
494                 18.420933949805264  
495                 18.420933949805264  
496                 19.57223982292612   
497                 19.57223982292612   
498                 21.29920529591932   
499                 17.269628076684405  
500                 20.72354569604698   
501                 18.420933949805264  
502                 19.57223982292612   
503                 19.57223982292612   
504                 18.996593549677605  
505                 20.72354569604698   
506                 19.57223982292612   
507                 19.57223982292612   
508                 19.57223982292612   
509                 18.996593549677605  
510                 20.72354569604698   
511                 19.57223982292612   
512                 17.269628076684405  
513                 19.572239822926118  
514                 20.72354569604698   
515                 17.269628076684405  
516                 20.72354569604698   
517                 17.269628076684405  
518                 20.72354569604698   
519                 19.57223982292612   
520                 21.29920529591932   
521                 17.269628076684405  
522                 20.72354569604698   
523                 19.57223982292612   
524                 19.57223982292612   
525                 18.996593549677605  
526                 20.72354569604698   
527                 19.57223982292612   
528                 17.269628076684405  
529                 19.572239822926118  
530                 20.72354569604698   
531                 18.420933949805264  
532                 19.57223982292612   
533                 17.269628076684405  
534                 20.72354569604698   
535                 19.57223982292612   
536                 17.269628076684405  
537                 20.72354569604698   
538                 19.57223982292612   
539                 19.57223982292612   
540                 18.996593549677605  
541                 20.72354569604698   
542                 19.57223982292612   
543                 18.420933949805264  
544                 18.42093394980526   
545                 20.72354569604698   
546                 18.420933949805264  
547                 19.57223982292612   
548                 17.845274349932918  
549                 18.42093394980526   
550                 19.57223982292612   
551                 19.57223982292612   
552                 18.996593549677605  
553                 20.72354569604698   
554                 19.57223982292612   
555                 17.269628076684405  
556                 19.572239822926118  
557                 20.72354569604698   
558                 17.269628076684405  
559                 20.72354569604698   
560                 19.57223982292612   
561                 21.29920529591932   
562                 17.269628076684405  
563                 20.72354569604698   
564                 19.57223982292612   
565                 19.57223982292612   
566                 18.996593549677605  
567                 20.72354569604698   
568                 19.57223982292612   
569                 17.269628076684405  
570                 19.572239822926118  
571                 20.72354569604698   
572                 18.420933949805264  
573                 19.57223982292612   
574                 17.269628076684405  
575                 20.72354569604698   
576                 19.57223982292612   
577                 17.269628076684405  
578                 20.72354569604698   
579                 19.57223982292612   
580                 19.57223982292612   
581                 18.996593549677605  
582                 20.72354569604698   
583                 19.57223982292612   
584                 17.269628076684405  
585                 19.572239822926118  
586                 20.72354569604698   
587                 17.269628076684405  
588                 20.72354569604698   
589                 19.57223982292612   
590                 17.269628076684405  
591                 20.72354569604698   
592                 19.57223982292612   
593                 18.420933949805264  
594                 17.269628076684405  
595                 19.572239822926118  
596                 20.72354569604698   
597                 18.420933949805264  
598                 19.57223982292612   
599                 17.269628076684405  
600                 20.72354569604698   
601                 19.57223982292612   
602                 17.269628076684405  
603                 20.72354569604698   
604                 19.57223982292612   
605                 19.57223982292612   
606                 18.996593549677605  
607                 20.72354569604698   
608                 19.57223982292612   
609                 18.420933949805264  
610                 18.42093394980526   
611                 20.72354569604698   
612                 18.420933949805264  
613                 19.57223982292612   
614                 17.845274349932918  
615                 18.42093394980526   
616                 19.57223982292612   
617                 19.57223982292612   
618                 18.996593549677605  
619                 20.72354569604698   
620                 19.57223982292612   
621                 17.269628076684405  
622                 19.572239822926118  
623                 20.72354569604698   
624                 17.269628076684405  
625                 20.72354569604698   
626                 19.57223982292612   
627                 21.29920529591932   
628                 17.269628076684405  
629                 20.72354569604698   
630                 19.57223982292612   
631                 18.420933949805264  
632                 20.147899422798467  
633                 20.72354569604698   
634                 19.57223982292612   
635                 17.269628076684405  
636                 19.572239822926118  
637                 20.72354569604698   
638                 17.269628076684405  
639                 20.72354569604698   
640                 19.57223982292612   
641                 17.269628076684405  
642                 20.72354569604698   
643                 19.57223982292612   
644                 18.420933949805264  
645                 17.269628076684405  
646                 19.572239822926118  
647                 20.72354569604698   
648                 17.269628076684405  
649                 20.72354569604698   
650                 19.57223982292612   
651                 17.269628076684405  
652                 20.72354569604698   
653                 19.57223982292612   
654                 18.420933949805264  
655                 17.269628076684405  
656                 19.572239822926118  
657                 20.72354569604698   
658                 18.420933949805264  
659                 19.57223982292612   
660                 17.269628076684405  
661                 20.72354569604698   
662                 19.57223982292612   
663                 17.269628076684405  
664                 20.72354569604698   
665                 19.57223982292612   
666                 19.57223982292612   
667                 18.996593549677605  
668                 20.72354569604698   
669                 19.57223982292612   
670                 17.269628076684405  
671                 19.572239822926118  
672                 20.72354569604698   
673                 17.269628076684405  
674                 20.72354569604698   
675                 19.57223982292612   
676                 17.269628076684405  
677                 20.72354569604698   
678                 19.57223982292612   
679                 18.420933949805264  
680                 17.269628076684405  
681                 19.572239822926118  
682                 20.72354569604698   
683                 18.420933949805264  
684                 19.57223982292612   
685                 17.269628076684405  
686                 20.72354569604698   
687                 19.57223982292612   
688                 17.269628076684405  
689                 20.72354569604698   
690                 19.57223982292612   
691                 19.57223982292612   
692                 18.996593549677605  
693                 20.72354569604698   
694                 19.57223982292612   
695                 17.269628076684405  
696                 19.572239822926118  
697                 20.72354569604698   
698                 17.269628076684405  
699                 20.72354569604698   
700                 19.57223982292612   
701                 17.269628076684405  
702                 20.72354569604698   
703                 19.57223982292612   
704                 18.420933949805264  
705                 17.269628076684405  
706                 19.572239822926118  
707                 20.72354569604698   
708                 18.420933949805264  
709                 19.57223982292612   
710                 17.269628076684405  
711                 20.72354569604698   
712                 19.57223982292612   
713                 17.269628076684405  
714                 20.72354569604698   
715                 19.57223982292612   
716                 19.57223982292612   
717                 18.996593549677605  
718                 20.72354569604698   
719                 19.57223982292612   
720                 18.420933949805264  
721                 18.42093394980526   
722                 20.72354569604698   
723                 18.420933949805264  
724                 19.57223982292612   
725                 17.845274349932918  
726                 18.42093394980526   
727                 19.57223982292612   
728                 19.57223982292612   
729                 18.996593549677605  
730                 20.72354569604698   
731                 19.57223982292612   
732                 17.269628076684405  
733                 19.572239822926118  
734                 20.72354569604698   
735                 17.269628076684405  
736                 20.72354569604698   
737                 19.57223982292612   
738                 21.29920529591932   
739                 17.269628076684405  
740                 20.72354569604698   
741                 19.57223982292612   
742                 18.420933949805264  
743                 20.147899422798467  
744                 20.72354569604698   
745                 19.57223982292612   
746                 17.269628076684405  
747                 19.572239822926118  
748                 20.72354569604698   
749                 17.269628076684405  
750                 20.72354569604698   
751                 19.57223982292612   
752                 17.269628076684405  
753                 20.72354569604698   
754                 19.57223982292612   
755                 18.420933949805264  
756                 17.269628076684405  
757                 19.572239822926118  
758                 20.72354569604698   
759                 17.269628076684405  
760                 20.72354569604698   
761                 19.57223982292612   
762                 17.269628076684405  
763                 20.72354569604698   
764                 19.57223982292612   
765                 18.420933949805264  
766                 17.269628076684405  
767                 19.572239822926118  
768                 20.72354569604698   
769                 18.420933949805264  
770                 19.57223982292612   
771                 17.269628076684405  
772                 20.72354569604698   
773                 19.57223982292612   
774                 17.269628076684405  
775                 20.72354569604698   
776                 19.57223982292612   
777                 19.57223982292612   
778                 18.996593549677605  
779                 20.72354569604698   
780                 19.57223982292612   
781                 17.269628076684405  
782                 19.572239822926118  
783                 20.72354569604698   
784                 17.269628076684405  
785                 20.72354569604698   
786                 19.57223982292612   
787                 17.269628076684405  
788                 20.72354569604698   
789                 19.57223982292612   
790                 18.420933949805264  
791                 17.269628076684405  
792                 19.572239822926118  
793                 20.72354569604698   
794                 18.420933949805264  
795                 19.57223982292612   
796                 17.269628076684405  
797                 20.72354569604698   
798                 19.57223982292612   
799                 17.269628076684405  
800                 20.72354569604698   
801                 19.57223982292612   
802                 19.57223982292612   
803                 18.996593549677605  
804                 20.72354569604698   
805                 19.57223982292612   
806                 17.269628076684405  
807                 19.572239822926118  
808                 20.72354569604698   
809                 17.269628076684405  
810                 20.72354569604698   
811                 19.57223982292612   
812                 17.269628076684405  
813                 20.72354569604698   
814                 19.57223982292612   
815                 18.420933949805264  
816                 17.269628076684405  
817                 19.572239822926118  
818                 20.72354569604698   
819                 18.420933949805264  
820                 19.57223982292612   
821                 17.269628076684405  
822                 20.72354569604698   
823                 19.57223982292612   
824                 17.269628076684405  
825                 20.72354569604698   
826                 19.57223982292612   
827                 19.57223982292612   
828                 18.996593549677605  
829                 20.72354569604698   
830                 19.57223982292612   
831                 18.420933949805264  
832                 18.42093394980526   
833                 20.72354569604698   
834                 18.420933949805264  
835                 19.57223982292612   
836                 17.845274349932918  
837                 18.42093394980526   
838                 19.57223982292612   
839                 19.57223982292612   
840                 18.996593549677605  
841                 20.72354569604698   
842                 19.57223982292612   
843                 17.269628076684405  
844                 19.572239822926118  
845                 20.72354569604698   
846                 17.269628076684405  
847                 20.72354569604698   
848                 19.57223982292612   
849                 21.29920529591932   
850                 17.269628076684405  
851                 20.72354569604698   
852                 19.57223982292612   
853                 18.420933949805264  
854                 20.147899422798467  
855                 20.72354569604698   
856                 19.57223982292612   
857                 17.269628076684405  
858                 19.572239822926118  
859                 20.72354569604698   
860                 17.269628076684405  
861                 20.72354569604698   
862                 19.57223982292612   
863                 17.269628076684405  
864                 20.72354569604698   
865                 19.57223982292612   
866                 18.420933949805264  
867                 17.269628076684405  
868                 19.572239822926118  
869                 20.72354569604698   
870                 17.269628076684405  
871                 20.72354569604698   
872                 19.57223982292612   
873                 17.269628076684405  
874                 20.72354569604698   
875                 19.57223982292612   
876                 18.420933949805264  
877                 17.269628076684405  
878                 19.572239822926118  
879                 20.72354569604698   
880                 18.420933949805264  
881                 19.57223982292612   
882                 17.269628076684405  
883                 20.72354569604698   
884                 19.57223982292612   
885                 17.269628076684405  
886                 20.72354569604698   
887                 19.57223982292612   
888                 19.57223982292612   
889                 18.996593549677605  
890                 20.72354569604698   
891                 19.57223982292612   
892                 17.269628076684405  
893                 19.572239822926118  
894                 20.72354569604698   
895                 17.269628076684405  
896                 20.72354569604698   
897                 19.57223982292612   
898                 17.269628076684405  
899                 20.72354569604698   
900                 19.57223982292612   
901                 18.420933949805264  
902                 17.269628076684405  
903                 19.572239822926118  
904                 20.72354569604698   
905                 18.420933949805264  
906                 19.57223982292612   
907                 17.269628076684405  
908                 20.72354569604698   
909                 19.57223982292612   
910                 17.269628076684405  
911                 20.72354569604698   
912                 19.57223982292612   
913                 19.57223982292612   
914                 18.996593549677605  
915                 20.72354569604698   
916                 19.57223982292612   
917                 17.269628076684405  
918                 19.572239822926118  
919                 20.72354569604698   
920                 17.269628076684405  
921                 20.72354569604698   
922                 19.57223982292612   
923                 17.269628076684405  
924                 20.72354569604698   
925                 19.57223982292612   
926                 18.420933949805264  
927                 17.269628076684405  
928                 19.572239822926118  
929                 20.72354569604698   
930                 18.420933949805264  
931                 19.57223982292612   
932                 17.269628076684405  
933                 20.72354569604698   
934                 19.57223982292612   
935                 17.269628076684405  
936                 20.72354569604698   
937                 19.57223982292612   
938                 19.57223982292612   
939                 18.996593549677605  
940                 20.72354569604698   
941                 19.57223982292612   
942                 18.420933949805264  
943                 18.42093394980526   
944                 20.72354569604698   
945                 18.420933949805264  
946                 19.57223982292612   
947                 17.845274349932918  
948                 18.42093394980526   
949                 19.57223982292612   
950                 19.57223982292612   
951                 18.996593549677605  
952                 20.72354569604698   
953                 19.57223982292612   
954                 17.269628076684405  
955                 19.572239822926118  
956                 20.72354569604698   
957                 17.269628076684405  
958                 20.72354569604698   
959                 19.57223982292612   
960                 21.29920529591932   
961                 17.269628076684405  
962                 20.72354569604698   
963                 19.57223982292612   
964                 18.420933949805264  
965                 20.147899422798467  
966                 20.72354569604698   
967                 19.57223982292612   
968                 17.269628076684405  
969                 19.572239822926118  
970                 20.72354569604698   
971                 17.269628076684405  
972                 20.72354569604698   
973                 19.57223982292612   
974                 17.269628076684405  
975                 20.72354569604698   
976                 19.57223982292612   
977                 18.420933949805264  
978                 18.420933949805264  
979                 19.57223982292612   
980                 19.57223982292612   
981                 18.996593549677605  
982                 20.72354569604698   
983                 19.57223982292612   
984                 17.269628076684405  
985                 20.72354569604698   
986                 18.420933949805264  
987                 19.57223982292612   
988                 19.57223982292612   
989                 19.57223982292612   
990                 17.269628076684405  
991                 19.572239822926118  
992                 20.72354569604698   
993                 17.269628076684405  
994                 20.72354569604698   
995                 19.57223982292612   
996                 17.269628076684405  
997                 20.72354569604698   
998                 19.57223982292612   
999                 18.420933949805264  
========================================
