Epoch               Cost                
========================================
0                   14.96714959668105   
1                   24.75313624190574   
2                   24.75313624190574   
3                   24.75313624190574   
4                   24.177489968657223  
5                   25.328782515154252  
6                   23.0261974221602    
7                   28.782660154645317  
8                   16.118442143178072  
9                   29.933846088151647  
10                  14.96714959668105   
11                  29.93391272127083   
12                  14.96714959668105   
13                  27.631207688662258  
14                  14.96714959668105   
15                  29.358279774646157  
16                  14.96714959668105   
17                  27.631207688662258  
18                  14.96714959668105   
19                  29.358279774646157  
20                  14.96714959668105   
21                  28.206867288534607  
22                  14.96714959668105   
23                  28.782620174773808  
24                  16.118442143178072  
25                  29.35821314152697   
26                  14.96714959668105   
27                  29.93388606802316   
28                  14.96714959668105   
29                  28.782553541654625  
30                  14.96714959668105   
31                  29.358253121398484  
32                  16.118442143178072  
33                  29.35821314152697   
34                  14.96714959668105   
35                  29.93388606802316   
36                  14.96714959668105   
37                  28.782553541654625  
38                  14.96714959668105   
39                  29.358253121398484  
40                  15.542795869929561  
41                  28.206880615158443  
42                  14.96714959668105   
43                  28.206960574901462  
44                  16.118442143178072  
45                  28.782553541654625  
46                  14.96714959668105   
47                  29.358253121398484  
48                  14.96714959668105   
49                  27.631221015286094  
50                  14.96714959668105   
51                  28.206960574901462  
52                  16.118442143178072  
53                  28.782553541654625  
54                  14.96714959668105   
55                  29.358253121398484  
56                  15.542795869929561  
57                  28.206893941782276  
58                  14.96714959668105   
59                  29.358253121398484  
60                  15.542795869929561  
61                  28.78254021503079   
62                  14.96714959668105   
63                  28.206960574901462  
64                  18.42102723617211   
65                  28.206960574901462  
66                  14.96714959668105   
67                  28.206867288534607  
68                  14.96714959668105   
69                  28.782620174773808  
70                  15.542795869929561  
71                  28.78254021503079   
72                  14.96714959668105   
73                  28.206960574901462  
74                  18.996673509420624  
75                  28.782620174773808  
76                  14.96714959668105   
77                  28.206880615158443  
78                  14.96714959668105   
79                  28.206960574901462  
80                  17.845380962923603  
81                  28.206960574901462  
82                  17.269734689675094  
83                  29.358253121398484  
84                  14.96714959668105   
85                  28.206867288534607  
86                  14.96714959668105   
87                  28.782620174773808  
88                  15.542795869929561  
89                  28.206880615158443  
90                  14.96714959668105   
91                  28.206960574901462  
92                  16.118442143178072  
93                  28.782553541654625  
94                  14.96714959668105   
95                  29.358253121398484  
96                  15.542795869929561  
97                  28.206893941782276  
98                  14.96714959668105   
99                  29.358253121398484  
100                 15.542795869929561  
101                 28.78254021503079   
102                 14.96714959668105   
103                 28.206960574901462  
104                 18.42102723617211   
105                 28.206960574901462  
106                 14.96714959668105   
107                 28.206867288534607  
108                 14.96714959668105   
109                 28.782620174773808  
110                 15.542795869929561  
111                 28.78254021503079   
112                 14.96714959668105   
113                 29.358253121398484  
114                 14.96714959668105   
115                 28.206880615158443  
116                 14.96714959668105   
117                 28.206960574901462  
118                 17.845380962923603  
119                 28.206960574901462  
120                 16.694088416426585  
121                 29.35822646815081   
122                 14.96714959668105   
123                 29.35821314152697   
124                 14.96714959668105   
125                 28.782593521526135  
126                 14.96714959668105   
127                 28.206880615158443  
128                 14.96714959668105   
129                 28.206960574901462  
130                 17.845380962923603  
131                 28.206960574901462  
132                 16.694088416426585  
133                 29.35822646815081   
134                 14.96714959668105   
135                 29.35821314152697   
136                 14.96714959668105   
137                 28.782593521526135  
138                 14.96714959668105   
139                 28.206880615158443  
140                 14.96714959668105   
141                 28.206960574901462  
142                 17.845380962923603  
143                 28.206960574901462  
144                 17.269734689675094  
145                 29.358253121398484  
146                 14.96714959668105   
147                 28.206867288534607  
148                 14.96714959668105   
149                 28.206960574901462  
150                 14.96714959668105   
151                 28.206880615158443  
152                 14.96714959668105   
153                 28.206960574901462  
154                 17.845380962923603  
155                 28.206960574901462  
156                 16.694088416426585  
157                 29.35822646815081   
158                 14.96714959668105   
159                 29.35821314152697   
160                 14.96714959668105   
161                 28.782593521526135  
162                 14.96714959668105   
163                 28.206880615158443  
164                 14.96714959668105   
165                 28.206960574901462  
166                 17.845380962923603  
167                 28.206960574901462  
168                 16.694088416426585  
169                 29.35822646815081   
170                 14.96714959668105   
171                 29.35821314152697   
172                 14.96714959668105   
173                 28.782593521526135  
174                 14.96714959668105   
175                 28.206880615158443  
176                 14.96714959668105   
177                 28.206960574901462  
178                 17.845380962923603  
179                 28.206960574901462  
180                 17.269734689675094  
181                 29.358253121398484  
182                 14.96714959668105   
183                 28.206867288534607  
184                 14.96714959668105   
185                 28.206960574901462  
186                 14.96714959668105   
187                 28.206880615158443  
188                 14.96714959668105   
189                 28.206960574901462  
190                 17.845380962923603  
191                 28.206960574901462  
192                 16.694088416426585  
193                 29.35822646815081   
194                 14.96714959668105   
195                 29.35821314152697   
196                 14.96714959668105   
197                 28.782593521526135  
198                 14.96714959668105   
199                 28.206880615158443  
200                 14.96714959668105   
201                 28.206960574901462  
202                 17.845380962923603  
203                 28.206960574901462  
204                 16.694088416426585  
205                 29.35822646815081   
206                 14.96714959668105   
207                 29.35821314152697   
208                 14.96714959668105   
209                 28.782593521526135  
210                 14.96714959668105   
211                 28.206880615158443  
212                 14.96714959668105   
213                 28.206960574901462  
214                 17.845380962923603  
215                 28.206960574901462  
216                 17.269734689675094  
217                 29.358253121398484  
218                 14.96714959668105   
219                 28.206867288534607  
220                 14.96714959668105   
221                 28.206960574901462  
222                 14.96714959668105   
223                 28.206880615158443  
224                 14.96714959668105   
225                 28.206960574901462  
226                 17.845380962923603  
227                 28.206960574901462  
228                 16.694088416426585  
229                 29.35822646815081   
230                 14.96714959668105   
231                 29.35821314152697   
232                 14.96714959668105   
233                 28.782593521526135  
234                 14.96714959668105   
235                 28.206880615158443  
236                 14.96714959668105   
237                 28.206960574901462  
238                 17.845380962923603  
239                 28.206960574901462  
240                 16.694088416426585  
241                 29.35822646815081   
242                 14.96714959668105   
243                 29.35821314152697   
244                 14.96714959668105   
245                 28.782593521526135  
246                 14.96714959668105   
247                 28.206880615158443  
248                 14.96714959668105   
249                 28.206960574901462  
250                 17.845380962923603  
251                 28.206960574901462  
252                 17.269734689675094  
253                 29.358253121398484  
254                 14.96714959668105   
255                 28.206867288534607  
256                 14.96714959668105   
257                 28.782620174773808  
258                 15.542795869929561  
259                 28.78254021503079   
260                 14.96714959668105   
261                 28.78260684814997   
262                 16.118442143178072  
263                 28.782553541654625  
264                 14.96714959668105   
265                 29.358253121398484  
266                 15.542795869929561  
267                 28.206893941782276  
268                 14.96714959668105   
269                 29.358253121398484  
270                 15.542795869929561  
271                 28.78254021503079   
272                 14.96714959668105   
273                 28.206960574901462  
274                 18.42102723617211   
275                 28.206960574901462  
276                 14.96714959668105   
277                 27.631221015286094  
278                 14.96714959668105   
279                 28.206960574901462  
280                 15.542795869929561  
281                 28.206880615158443  
282                 14.96714959668105   
283                 28.206960574901462  
284                 16.118442143178072  
285                 28.782553541654625  
286                 14.96714959668105   
287                 29.358253121398484  
288                 15.542795869929561  
289                 28.206893941782276  
290                 14.96714959668105   
291                 29.358253121398484  
292                 15.542795869929561  
293                 28.78254021503079   
294                 14.96714959668105   
295                 28.206960574901462  
296                 18.42102723617211   
297                 28.206960574901462  
298                 14.96714959668105   
299                 28.206867288534607  
300                 14.96714959668105   
301                 28.782620174773808  
302                 16.118442143178072  
303                 28.782553541654625  
304                 14.96714959668105   
305                 29.358253121398484  
306                 14.96714959668105   
307                 28.206880615158443  
308                 14.96714959668105   
309                 28.206960574901462  
310                 18.996673509420624  
311                 28.782620174773808  
312                 14.96714959668105   
313                 28.206880615158443  
314                 14.96714959668105   
315                 28.206960574901462  
316                 17.845380962923603  
317                 28.206960574901462  
318                 16.694088416426585  
319                 29.35822646815081   
320                 14.96714959668105   
321                 29.35821314152697   
322                 14.96714959668105   
323                 28.782593521526135  
324                 14.96714959668105   
325                 28.206880615158443  
326                 14.96714959668105   
327                 28.206960574901462  
328                 17.845380962923603  
329                 28.206960574901462  
330                 17.269734689675094  
331                 29.358253121398484  
332                 14.96714959668105   
333                 28.206867288534607  
334                 14.96714959668105   
335                 28.782620174773808  
336                 16.118442143178072  
337                 28.782553541654625  
338                 14.96714959668105   
339                 29.358253121398484  
340                 14.96714959668105   
341                 28.206880615158443  
342                 14.96714959668105   
343                 28.206960574901462  
344                 18.996673509420624  
345                 28.782620174773808  
346                 14.96714959668105   
347                 28.206880615158443  
348                 14.96714959668105   
349                 28.206960574901462  
350                 17.845380962923603  
351                 28.206960574901462  
352                 16.694088416426585  
353                 29.35822646815081   
354                 14.96714959668105   
355                 29.35821314152697   
356                 14.96714959668105   
357                 28.782593521526135  
358                 14.96714959668105   
359                 28.206880615158443  
360                 14.96714959668105   
361                 28.206960574901462  
362                 17.845380962923603  
363                 28.206960574901462  
364                 17.269734689675094  
365                 29.358253121398484  
366                 14.96714959668105   
367                 28.206867288534607  
368                 14.96714959668105   
369                 28.782620174773808  
370                 16.118442143178072  
371                 28.782553541654625  
372                 14.96714959668105   
373                 29.358253121398484  
374                 14.96714959668105   
375                 28.206880615158443  
376                 14.96714959668105   
377                 28.206960574901462  
378                 18.996673509420624  
379                 28.782620174773808  
380                 14.96714959668105   
381                 28.206880615158443  
382                 14.96714959668105   
383                 28.206960574901462  
384                 17.845380962923603  
385                 28.206960574901462  
386                 16.694088416426585  
387                 29.35822646815081   
388                 14.96714959668105   
389                 29.35821314152697   
390                 14.96714959668105   
391                 28.782593521526135  
392                 14.96714959668105   
393                 28.206880615158443  
394                 14.96714959668105   
395                 28.206960574901462  
396                 17.845380962923603  
397                 28.206960574901462  
398                 17.269734689675094  
399                 29.358253121398484  
400                 14.96714959668105   
401                 28.206867288534607  
402                 14.96714959668105   
403                 28.782620174773808  
404                 16.118442143178072  
405                 28.782553541654625  
406                 14.96714959668105   
407                 29.358253121398484  
408                 14.96714959668105   
409                 28.206880615158443  
410                 14.96714959668105   
411                 28.206960574901462  
412                 18.996673509420624  
413                 28.782620174773808  
414                 14.96714959668105   
415                 28.206880615158443  
416                 14.96714959668105   
417                 28.206960574901462  
418                 17.845380962923603  
419                 28.206960574901462  
420                 16.694088416426585  
421                 29.35822646815081   
422                 14.96714959668105   
423                 29.35821314152697   
424                 14.96714959668105   
425                 28.782593521526135  
426                 14.96714959668105   
427                 28.206880615158443  
428                 14.96714959668105   
429                 28.206960574901462  
430                 17.845380962923603  
431                 28.206960574901462  
432                 17.269734689675094  
433                 29.358253121398484  
434                 14.96714959668105   
435                 28.206867288534607  
436                 14.96714959668105   
437                 28.782620174773808  
438                 16.118442143178072  
439                 28.782553541654625  
440                 14.96714959668105   
441                 29.358253121398484  
442                 14.96714959668105   
443                 28.206880615158443  
444                 14.96714959668105   
445                 28.206960574901462  
446                 18.996673509420624  
447                 28.782620174773808  
448                 14.96714959668105   
449                 28.206880615158443  
450                 14.96714959668105   
451                 28.206960574901462  
452                 17.845380962923603  
453                 28.206960574901462  
454                 16.694088416426585  
455                 29.35822646815081   
456                 14.96714959668105   
457                 29.35821314152697   
458                 14.96714959668105   
459                 28.782593521526135  
460                 14.96714959668105   
461                 28.206880615158443  
462                 14.96714959668105   
463                 28.206960574901462  
464                 17.845380962923603  
465                 28.206960574901462  
466                 17.269734689675094  
467                 29.358253121398484  
468                 14.96714959668105   
469                 28.206867288534607  
470                 14.96714959668105   
471                 28.782620174773808  
472                 15.542795869929561  
473                 28.206880615158443  
474                 14.96714959668105   
475                 28.206960574901462  
476                 16.118442143178072  
477                 28.782553541654625  
478                 14.96714959668105   
479                 29.358253121398484  
480                 15.542795869929561  
481                 28.206893941782276  
482                 14.96714959668105   
483                 28.782593521526135  
484                 14.96714959668105   
485                 28.206880615158443  
486                 14.96714959668105   
487                 28.206960574901462  
488                 17.269734689675094  
489                 29.358253121398484  
490                 14.96714959668105   
491                 28.206880615158443  
492                 14.96714959668105   
493                 28.206960574901462  
494                 18.996673509420624  
495                 28.782620174773808  
496                 14.96714959668105   
497                 28.206880615158443  
498                 14.96714959668105   
499                 28.206960574901462  
500                 17.845380962923603  
501                 28.206960574901462  
502                 16.694088416426585  
503                 29.35822646815081   
504                 14.96714959668105   
505                 29.35821314152697   
506                 14.96714959668105   
507                 28.782593521526135  
508                 14.96714959668105   
509                 28.206880615158443  
510                 14.96714959668105   
511                 28.206960574901462  
512                 17.845380962923603  
513                 28.206960574901462  
514                 16.694088416426585  
515                 29.35822646815081   
516                 14.96714959668105   
517                 29.35821314152697   
518                 14.96714959668105   
519                 28.782593521526135  
520                 14.96714959668105   
521                 28.206880615158443  
522                 14.96714959668105   
523                 28.206960574901462  
524                 17.845380962923603  
525                 28.206960574901462  
526                 17.269734689675094  
527                 29.358253121398484  
528                 14.96714959668105   
529                 28.206867288534607  
530                 14.96714959668105   
531                 28.782620174773808  
532                 16.118442143178072  
533                 28.782553541654625  
534                 14.96714959668105   
535                 29.358253121398484  
536                 14.96714959668105   
537                 28.206880615158443  
538                 14.96714959668105   
539                 28.206960574901462  
540                 18.996673509420624  
541                 28.782620174773808  
542                 14.96714959668105   
543                 28.206880615158443  
544                 14.96714959668105   
545                 28.206960574901462  
546                 17.845380962923603  
547                 28.206960574901462  
548                 16.694088416426585  
549                 29.35822646815081   
550                 14.96714959668105   
551                 29.35821314152697   
552                 14.96714959668105   
553                 28.782593521526135  
554                 14.96714959668105   
555                 28.206880615158443  
556                 14.96714959668105   
557                 28.206960574901462  
558                 17.845380962923603  
559                 28.206960574901462  
560                 17.269734689675094  
561                 29.358253121398484  
562                 14.96714959668105   
563                 28.206867288534607  
564                 14.96714959668105   
565                 28.782620174773808  
566                 16.118442143178072  
567                 28.782553541654625  
568                 14.96714959668105   
569                 29.358253121398484  
570                 14.96714959668105   
571                 28.206880615158443  
572                 14.96714959668105   
573                 28.206960574901462  
574                 18.996673509420624  
575                 28.782620174773808  
576                 14.96714959668105   
577                 28.206880615158443  
578                 14.96714959668105   
579                 28.206960574901462  
580                 17.845380962923603  
581                 28.206960574901462  
582                 16.694088416426585  
583                 29.35822646815081   
584                 14.96714959668105   
585                 29.35821314152697   
586                 14.96714959668105   
587                 28.782593521526135  
588                 14.96714959668105   
589                 28.206880615158443  
590                 14.96714959668105   
591                 28.206960574901462  
592                 17.845380962923603  
593                 28.206960574901462  
594                 17.269734689675094  
595                 29.358253121398484  
596                 14.96714959668105   
597                 28.206867288534607  
598                 14.96714959668105   
599                 28.782620174773808  
600                 16.118442143178072  
601                 28.782553541654625  
602                 14.96714959668105   
603                 29.358253121398484  
604                 14.96714959668105   
605                 28.206880615158443  
606                 14.96714959668105   
607                 28.206960574901462  
608                 18.996673509420624  
609                 28.782620174773808  
610                 14.96714959668105   
611                 28.206880615158443  
612                 14.96714959668105   
613                 28.206960574901462  
614                 17.845380962923603  
615                 28.206960574901462  
616                 16.694088416426585  
617                 29.35822646815081   
618                 14.96714959668105   
619                 29.35821314152697   
620                 14.96714959668105   
621                 28.782593521526135  
622                 14.96714959668105   
623                 28.206880615158443  
624                 14.96714959668105   
625                 28.206960574901462  
626                 17.845380962923603  
627                 28.206960574901462  
628                 17.269734689675094  
629                 29.358253121398484  
630                 14.96714959668105   
631                 28.206867288534607  
632                 14.96714959668105   
633                 28.782620174773808  
634                 16.118442143178072  
635                 28.782553541654625  
636                 14.96714959668105   
637                 29.358253121398484  
638                 14.96714959668105   
639                 28.206880615158443  
640                 14.96714959668105   
641                 28.206960574901462  
642                 18.996673509420624  
643                 28.782620174773808  
644                 14.96714959668105   
645                 28.206880615158443  
646                 14.96714959668105   
647                 28.206960574901462  
648                 17.845380962923603  
649                 28.206960574901462  
650                 16.694088416426585  
651                 29.35822646815081   
652                 14.96714959668105   
653                 29.35821314152697   
654                 14.96714959668105   
655                 28.782593521526135  
656                 14.96714959668105   
657                 28.206880615158443  
658                 14.96714959668105   
659                 28.206960574901462  
660                 17.845380962923603  
661                 28.206960574901462  
662                 17.269734689675094  
663                 29.358253121398484  
664                 14.96714959668105   
665                 28.206867288534607  
666                 14.96714959668105   
667                 28.782620174773808  
668                 16.118442143178072  
669                 28.782553541654625  
670                 14.96714959668105   
671                 29.358253121398484  
672                 14.96714959668105   
673                 28.206880615158443  
674                 14.96714959668105   
675                 28.206960574901462  
676                 18.996673509420624  
677                 28.782620174773808  
678                 14.96714959668105   
679                 28.206880615158443  
680                 14.96714959668105   
681                 28.206960574901462  
682                 17.845380962923603  
683                 28.206960574901462  
684                 16.694088416426585  
685                 29.35822646815081   
686                 14.96714959668105   
687                 29.35821314152697   
688                 14.96714959668105   
689                 28.782593521526135  
690                 14.96714959668105   
691                 28.206880615158443  
692                 14.96714959668105   
693                 28.206960574901462  
694                 17.845380962923603  
695                 28.206960574901462  
696                 17.269734689675094  
697                 29.358253121398484  
698                 14.96714959668105   
699                 28.206867288534607  
700                 14.96714959668105   
701                 28.782620174773808  
702                 16.118442143178072  
703                 28.782553541654625  
704                 14.96714959668105   
705                 29.358253121398484  
706                 14.96714959668105   
707                 28.206880615158443  
708                 14.96714959668105   
709                 28.206960574901462  
710                 18.996673509420624  
711                 28.782620174773808  
712                 14.96714959668105   
713                 28.206880615158443  
714                 14.96714959668105   
715                 28.206960574901462  
716                 17.845380962923603  
717                 28.206960574901462  
718                 16.694088416426585  
719                 29.35822646815081   
720                 14.96714959668105   
721                 29.35821314152697   
722                 14.96714959668105   
723                 28.782593521526135  
724                 14.96714959668105   
725                 28.206880615158443  
726                 14.96714959668105   
727                 28.206960574901462  
728                 17.845380962923603  
729                 28.206960574901462  
730                 17.269734689675094  
731                 29.358253121398484  
732                 14.96714959668105   
733                 28.206867288534607  
734                 14.96714959668105   
735                 28.782620174773808  
736                 16.118442143178072  
737                 28.782553541654625  
738                 14.96714959668105   
739                 29.358253121398484  
740                 14.96714959668105   
741                 28.206880615158443  
742                 14.96714959668105   
743                 28.206960574901462  
744                 18.996673509420624  
745                 28.782620174773808  
746                 14.96714959668105   
747                 28.206880615158443  
748                 14.96714959668105   
749                 28.206960574901462  
750                 17.845380962923603  
751                 28.206960574901462  
752                 16.694088416426585  
753                 29.35822646815081   
754                 14.96714959668105   
755                 29.35821314152697   
756                 14.96714959668105   
757                 28.782593521526135  
758                 14.96714959668105   
759                 28.206880615158443  
760                 14.96714959668105   
761                 28.206960574901462  
762                 17.845380962923603  
763                 28.206960574901462  
764                 17.269734689675094  
765                 29.358253121398484  
766                 14.96714959668105   
767                 28.206867288534607  
768                 14.96714959668105   
769                 28.782620174773808  
770                 16.118442143178072  
771                 28.782553541654625  
772                 14.96714959668105   
773                 29.358253121398484  
774                 14.96714959668105   
775                 28.206880615158443  
776                 14.96714959668105   
777                 28.206960574901462  
778                 18.996673509420624  
779                 28.782620174773808  
780                 14.96714959668105   
781                 28.206880615158443  
782                 14.96714959668105   
783                 28.206960574901462  
784                 17.845380962923603  
785                 28.206960574901462  
786                 16.694088416426585  
787                 29.35822646815081   
788                 14.96714959668105   
789                 29.35821314152697   
790                 14.96714959668105   
791                 29.358239794774647  
792                 14.96714959668105   
793                 28.206893941782276  
794                 14.96714959668105   
795                 29.358253121398484  
796                 14.96714959668105   
797                 28.206867288534607  
798                 14.96714959668105   
799                 28.206960574901462  
800                 14.96714959668105   
801                 28.206880615158443  
802                 14.96714959668105   
803                 28.206960574901462  
804                 18.42102723617211   
805                 28.206960574901462  
806                 14.96714959668105   
807                 28.206880615158443  
808                 14.96714959668105   
809                 28.206960574901462  
810                 17.845380962923603  
811                 28.206960574901462  
812                 16.694088416426585  
813                 29.35822646815081   
814                 14.96714959668105   
815                 29.35821314152697   
816                 14.96714959668105   
817                 28.782593521526135  
818                 14.96714959668105   
819                 28.206880615158443  
820                 14.96714959668105   
821                 28.206960574901462  
822                 17.845380962923603  
823                 28.206960574901462  
824                 17.269734689675094  
825                 29.358253121398484  
826                 14.96714959668105   
827                 28.206867288534607  
828                 14.96714959668105   
829                 28.206960574901462  
830                 14.96714959668105   
831                 28.206880615158443  
832                 14.96714959668105   
833                 28.206960574901462  
834                 17.845380962923603  
835                 28.206960574901462  
836                 16.694088416426585  
837                 29.35822646815081   
838                 14.96714959668105   
839                 29.35821314152697   
840                 14.96714959668105   
841                 28.782593521526135  
842                 14.96714959668105   
843                 28.206880615158443  
844                 14.96714959668105   
845                 28.206960574901462  
846                 17.845380962923603  
847                 28.206960574901462  
848                 16.694088416426585  
849                 29.35822646815081   
850                 14.96714959668105   
851                 29.35821314152697   
852                 14.96714959668105   
853                 28.782593521526135  
854                 14.96714959668105   
855                 28.206880615158443  
856                 14.96714959668105   
857                 28.206960574901462  
858                 17.845380962923603  
859                 28.206960574901462  
860                 17.269734689675094  
861                 29.358253121398484  
862                 14.96714959668105   
863                 28.206867288534607  
864                 14.96714959668105   
865                 28.206960574901462  
866                 14.96714959668105   
867                 28.206880615158443  
868                 14.96714959668105   
869                 28.206960574901462  
870                 17.845380962923603  
871                 28.206960574901462  
872                 16.694088416426585  
873                 29.35822646815081   
874                 14.96714959668105   
875                 29.35821314152697   
876                 14.96714959668105   
877                 28.782593521526135  
878                 14.96714959668105   
879                 28.206880615158443  
880                 14.96714959668105   
881                 28.206960574901462  
882                 17.845380962923603  
883                 28.206960574901462  
884                 16.694088416426585  
885                 29.35822646815081   
886                 14.96714959668105   
887                 29.35821314152697   
888                 14.96714959668105   
889                 28.782593521526135  
890                 14.96714959668105   
891                 28.206880615158443  
892                 14.96714959668105   
893                 28.206960574901462  
894                 17.845380962923603  
895                 28.206960574901462  
896                 17.269734689675094  
897                 29.358253121398484  
898                 14.96714959668105   
899                 28.206867288534607  
900                 14.96714959668105   
901                 28.782620174773808  
902                 15.542795869929561  
903                 28.78254021503079   
904                 14.96714959668105   
905                 28.206960574901462  
906                 18.996673509420624  
907                 28.782620174773808  
908                 14.96714959668105   
909                 28.206880615158443  
910                 14.96714959668105   
911                 28.206960574901462  
912                 17.845380962923603  
913                 28.206960574901462  
914                 17.269734689675094  
915                 29.358253121398484  
916                 14.96714959668105   
917                 28.206867288534607  
918                 14.96714959668105   
919                 28.782620174773808  
920                 15.542795869929561  
921                 28.206880615158443  
922                 14.96714959668105   
923                 28.206960574901462  
924                 16.118442143178072  
925                 28.782553541654625  
926                 14.96714959668105   
927                 29.358253121398484  
928                 15.542795869929561  
929                 28.206893941782276  
930                 14.96714959668105   
931                 29.358253121398484  
932                 15.542795869929561  
933                 28.78254021503079   
934                 14.96714959668105   
935                 28.206960574901462  
936                 18.42102723617211   
937                 28.206960574901462  
938                 14.96714959668105   
939                 28.206867288534607  
940                 14.96714959668105   
941                 28.782620174773808  
942                 15.542795869929561  
943                 28.206880615158443  
944                 14.96714959668105   
945                 28.206960574901462  
946                 16.118442143178072  
947                 28.782553541654625  
948                 14.96714959668105   
949                 29.358253121398484  
950                 15.542795869929561  
951                 28.206893941782276  
952                 14.96714959668105   
953                 28.782593521526135  
954                 14.96714959668105   
955                 28.206880615158443  
956                 14.96714959668105   
957                 28.206960574901462  
958                 17.269734689675094  
959                 29.358253121398484  
960                 14.96714959668105   
961                 28.206880615158443  
962                 14.96714959668105   
963                 28.206960574901462  
964                 18.42102723617211   
965                 28.206960574901462  
966                 14.96714959668105   
967                 28.206880615158443  
968                 14.96714959668105   
969                 28.206960574901462  
970                 18.42102723617211   
971                 28.206960574901462  
972                 14.96714959668105   
973                 28.206880615158443  
974                 14.96714959668105   
975                 28.206960574901462  
976                 17.845380962923603  
977                 28.206960574901462  
978                 17.269734689675094  
979                 29.358253121398484  
980                 14.96714959668105   
981                 28.206867288534607  
982                 14.96714959668105   
983                 28.206960574901462  
984                 14.96714959668105   
985                 28.206880615158443  
986                 14.96714959668105   
987                 28.206960574901462  
988                 17.845380962923603  
989                 28.206960574901462  
990                 16.694088416426585  
991                 29.35822646815081   
992                 14.96714959668105   
993                 29.35821314152697   
994                 14.96714959668105   
995                 28.782593521526135  
996                 14.96714959668105   
997                 28.206880615158443  
998                 14.96714959668105   
999                 28.206960574901462  
========================================
