Epoch               Cost                
========================================
0                   18.42093394980526   
1                   20.72354569604698   
2                   19.57223982292612   
3                   20.147899422798467  
4                   19.57223982292612   
========================================
Epoch               Cost                
========================================
0                   18.42093394980526   
1                   20.72354569604698   
2                   19.57223982292612   
3                   20.147899422798467  
4                   19.57223982292612   
========================================
