Epoch               Cost                
========================================
0                   18.42093394980526   
1                   20.72354569604698   
2                   19.57223982292612   
3                   19.57223982292612   
4                   17.269628076684402  
5                   20.72354569604698   
6                   18.420933949805264  
7                   19.57223982292612   
8                   19.57223982292612   
9                   19.57223982292612   
10                  19.57223982292612   
11                  19.57223982292612   
12                  18.996593549677605  
13                  20.72354569604698   
14                  19.57223982292612   
15                  17.269628076684405  
16                  19.572239822926118  
17                  20.72354569604698   
18                  17.269628076684405  
19                  20.72354569604698   
20                  19.57223982292612   
21                  17.269628076684405  
22                  20.72354569604698   
23                  19.57223982292612   
24                  18.420933949805264  
25                  17.269628076684405  
26                  19.572239822926118  
27                  20.72354569604698   
28                  18.420933949805264  
29                  19.57223982292612   
30                  17.269628076684405  
31                  20.72354569604698   
32                  19.57223982292612   
33                  17.269628076684405  
34                  20.72354569604698   
35                  17.269628076684405  
36                  19.572239822926118  
37                  20.72354569604698   
38                  17.269628076684405  
39                  20.72354569604698   
40                  19.57223982292612   
41                  17.269628076684405  
42                  20.72354569604698   
43                  19.57223982292612   
44                  18.420933949805264  
45                  17.269628076684405  
46                  19.572239822926118  
47                  20.72354569604698   
48                  18.420933949805264  
49                  19.57223982292612   
50                  17.845274349932918  
51                  18.42093394980526   
52                  19.57223982292612   
53                  19.57223982292612   
54                  18.996593549677605  
55                  20.72354569604698   
56                  19.57223982292612   
57                  17.269628076684405  
58                  19.572239822926118  
59                  20.72354569604698   
60                  17.269628076684405  
61                  20.72354569604698   
62                  19.57223982292612   
63                  21.29920529591932   
64                  17.269628076684405  
65                  20.72354569604698   
66                  19.57223982292612   
67                  18.420933949805264  
68                  20.147899422798467  
69                  20.72354569604698   
70                  19.57223982292612   
71                  17.269628076684405  
72                  19.572239822926118  
73                  20.72354569604698   
74                  17.269628076684405  
75                  20.72354569604698   
76                  18.420933949805264  
77                  19.57223982292612   
78                  19.57223982292612   
79                  17.269628076684405  
80                  20.72354569604698   
81                  18.420933949805264  
82                  19.57223982292612   
83                  19.57223982292612   
84                  18.996593549677605  
85                  20.72354569604698   
86                  19.57223982292612   
87                  19.57223982292612   
88                  18.420933949805264  
89                  18.420933949805264  
90                  19.57223982292612   
91                  17.269628076684405  
92                  20.72354569604698   
93                  19.57223982292612   
94                  17.269628076684405  
95                  20.72354569604698   
96                  17.269628076684405  
97                  19.572239822926118  
98                  20.72354569604698   
99                  17.269628076684405  
100                 20.72354569604698   
101                 19.57223982292612   
102                 17.269628076684405  
103                 20.72354569604698   
104                 19.57223982292612   
105                 18.420933949805264  
106                 17.269628076684405  
107                 19.572239822926118  
108                 20.72354569604698   
109                 18.420933949805264  
110                 19.57223982292612   
111                 17.845274349932918  
112                 18.42093394980526   
113                 19.57223982292612   
114                 19.57223982292612   
115                 18.996593549677605  
116                 20.72354569604698   
117                 19.57223982292612   
118                 17.269628076684405  
119                 19.572239822926118  
120                 20.72354569604698   
121                 17.269628076684405  
122                 20.72354569604698   
123                 19.57223982292612   
124                 18.996593549677605  
125                 20.72354569604698   
126                 19.57223982292612   
127                 18.420933949805264  
128                 18.420933949805264  
129                 18.42093394980526   
130                 20.72354569604698   
131                 19.57223982292612   
132                 17.269628076684402  
133                 20.72354569604698   
134                 18.420933949805264  
135                 19.57223982292612   
136                 19.57223982292612   
137                 19.57223982292612   
138                 17.269628076684405  
139                 19.572239822926118  
140                 20.72354569604698   
141                 18.420933949805264  
142                 19.57223982292612   
143                 17.269628076684405  
144                 20.72354569604698   
145                 19.57223982292612   
146                 17.269628076684405  
147                 20.72354569604698   
148                 19.57223982292612   
149                 19.57223982292612   
150                 18.996593549677605  
151                 20.72354569604698   
152                 19.57223982292612   
153                 18.420933949805264  
154                 18.42093394980526   
155                 20.72354569604698   
156                 18.420933949805264  
157                 19.57223982292612   
158                 17.845274349932918  
159                 18.42093394980526   
160                 19.57223982292612   
161                 19.57223982292612   
162                 18.996593549677605  
163                 20.72354569604698   
164                 19.57223982292612   
165                 17.269628076684405  
166                 19.572239822926118  
167                 20.72354569604698   
168                 17.269628076684405  
169                 20.72354569604698   
170                 19.57223982292612   
171                 21.29920529591932   
172                 17.269628076684405  
173                 20.72354569604698   
174                 19.57223982292612   
175                 18.420933949805264  
176                 20.147899422798467  
177                 20.72354569604698   
178                 19.57223982292612   
179                 19.57223982292612   
180                 19.57223982292612   
181                 18.996593549677605  
182                 20.72354569604698   
183                 19.57223982292612   
184                 18.420933949805264  
185                 18.42093394980526   
186                 20.72354569604698   
187                 19.57223982292612   
188                 17.269628076684402  
189                 20.72354569604698   
190                 18.420933949805264  
191                 19.57223982292612   
192                 19.57223982292612   
193                 19.57223982292612   
194                 17.269628076684405  
195                 19.572239822926118  
196                 20.72354569604698   
197                 18.420933949805264  
198                 19.57223982292612   
199                 17.269628076684405  
200                 20.72354569604698   
201                 19.57223982292612   
202                 17.269628076684405  
203                 20.72354569604698   
204                 19.57223982292612   
205                 19.57223982292612   
206                 18.996593549677605  
207                 20.72354569604698   
208                 19.57223982292612   
209                 17.269628076684405  
210                 19.572239822926118  
211                 20.72354569604698   
212                 17.269628076684405  
213                 20.72354569604698   
214                 18.420933949805264  
215                 19.57223982292612   
216                 19.57223982292612   
217                 17.269628076684405  
218                 20.72354569604698   
219                 18.420933949805264  
220                 19.57223982292612   
221                 19.57223982292612   
222                 18.996593549677605  
223                 20.72354569604698   
224                 19.57223982292612   
225                 19.57223982292612   
226                 18.420933949805264  
227                 18.420933949805264  
228                 19.57223982292612   
229                 19.57223982292612   
230                 21.29920529591932   
231                 17.269628076684405  
232                 20.72354569604698   
233                 18.420933949805264  
234                 19.57223982292612   
235                 19.57223982292612   
236                 18.996593549677605  
237                 20.72354569604698   
238                 19.57223982292612   
239                 19.57223982292612   
240                 19.57223982292612   
241                 18.996593549677605  
242                 20.72354569604698   
243                 19.57223982292612   
244                 17.269628076684405  
245                 19.572239822926118  
246                 20.72354569604698   
247                 17.269628076684405  
248                 20.72354569604698   
249                 17.269628076684405  
250                 19.572239822926118  
251                 20.72354569604698   
252                 18.420933949805264  
253                 19.57223982292612   
254                 19.57223982292612   
255                 21.29920529591932   
256                 17.269628076684405  
257                 20.72354569604698   
258                 18.420933949805264  
259                 19.57223982292612   
260                 19.57223982292612   
261                 18.996593549677605  
262                 20.72354569604698   
263                 19.57223982292612   
264                 19.57223982292612   
265                 19.57223982292612   
266                 18.996593549677605  
267                 20.72354569604698   
268                 19.57223982292612   
269                 17.269628076684405  
270                 19.572239822926118  
271                 20.72354569604698   
272                 17.269628076684405  
273                 20.72354569604698   
274                 17.269628076684405  
275                 20.72354569604698   
276                 19.57223982292612   
277                 21.29920529591932   
278                 17.269628076684405  
279                 20.72354569604698   
280                 19.57223982292612   
281                 19.57223982292612   
282                 18.996593549677605  
283                 20.72354569604698   
284                 19.57223982292612   
285                 17.269628076684405  
286                 19.572239822926118  
287                 20.72354569604698   
288                 17.269628076684405  
289                 20.72354569604698   
290                 19.57223982292612   
291                 17.269628076684405  
292                 20.72354569604698   
293                 19.57223982292612   
294                 18.420933949805264  
295                 17.269628076684405  
296                 19.572239822926118  
297                 20.72354569604698   
298                 18.420933949805264  
299                 19.57223982292612   
300                 17.269628076684405  
301                 20.72354569604698   
302                 19.57223982292612   
303                 17.269628076684405  
304                 20.72354569604698   
305                 19.57223982292612   
306                 19.57223982292612   
307                 18.996593549677605  
308                 20.72354569604698   
309                 19.57223982292612   
310                 17.269628076684405  
311                 19.572239822926118  
312                 20.72354569604698   
313                 17.269628076684405  
314                 20.72354569604698   
315                 19.57223982292612   
316                 17.269628076684405  
317                 20.72354569604698   
318                 19.57223982292612   
319                 18.420933949805264  
320                 17.269628076684405  
321                 19.572239822926118  
322                 20.72354569604698   
323                 18.420933949805264  
324                 19.57223982292612   
325                 17.269628076684405  
326                 20.72354569604698   
327                 19.57223982292612   
328                 17.269628076684405  
329                 20.72354569604698   
330                 17.269628076684405  
331                 19.572239822926118  
332                 20.72354569604698   
333                 17.269628076684405  
334                 20.72354569604698   
335                 19.57223982292612   
336                 17.269628076684405  
337                 20.72354569604698   
338                 19.57223982292612   
339                 18.420933949805264  
340                 17.269628076684405  
341                 19.572239822926118  
342                 20.72354569604698   
343                 18.420933949805264  
344                 19.57223982292612   
345                 17.269628076684405  
346                 20.72354569604698   
347                 19.57223982292612   
348                 17.269628076684405  
349                 20.72354569604698   
350                 19.57223982292612   
351                 19.57223982292612   
352                 18.996593549677605  
353                 20.72354569604698   
354                 19.57223982292612   
355                 17.269628076684405  
356                 19.572239822926118  
357                 20.72354569604698   
358                 17.269628076684405  
359                 20.72354569604698   
360                 19.57223982292612   
361                 17.269628076684405  
362                 20.72354569604698   
363                 19.57223982292612   
364                 18.420933949805264  
365                 17.269628076684405  
366                 19.572239822926118  
367                 20.72354569604698   
368                 18.420933949805264  
369                 19.57223982292612   
370                 17.269628076684405  
371                 20.72354569604698   
372                 19.57223982292612   
373                 17.269628076684405  
374                 20.72354569604698   
375                 19.57223982292612   
376                 19.57223982292612   
377                 18.996593549677605  
378                 20.72354569604698   
379                 19.57223982292612   
380                 17.269628076684405  
381                 19.572239822926118  
382                 20.72354569604698   
383                 17.269628076684405  
384                 20.72354569604698   
385                 19.57223982292612   
386                 17.269628076684405  
387                 20.72354569604698   
388                 19.57223982292612   
389                 18.420933949805264  
390                 17.269628076684405  
391                 19.572239822926118  
392                 20.72354569604698   
393                 18.420933949805264  
394                 19.57223982292612   
395                 17.269628076684405  
396                 20.72354569604698   
397                 19.57223982292612   
398                 17.269628076684405  
399                 20.72354569604698   
400                 19.57223982292612   
401                 19.57223982292612   
402                 18.996593549677605  
403                 20.72354569604698   
404                 19.57223982292612   
405                 17.269628076684405  
406                 19.572239822926118  
407                 20.72354569604698   
408                 17.269628076684405  
409                 20.72354569604698   
410                 18.420933949805264  
411                 19.57223982292612   
412                 19.57223982292612   
413                 17.269628076684405  
414                 20.72354569604698   
415                 18.420933949805264  
416                 19.57223982292612   
417                 19.57223982292612   
418                 18.996593549677605  
419                 20.72354569604698   
420                 19.57223982292612   
421                 19.57223982292612   
422                 18.420933949805264  
423                 18.420933949805264  
424                 19.57223982292612   
425                 19.57223982292612   
426                 21.29920529591932   
427                 17.269628076684405  
428                 20.72354569604698   
429                 18.420933949805264  
430                 19.57223982292612   
431                 19.57223982292612   
432                 18.996593549677605  
433                 20.72354569604698   
434                 19.57223982292612   
435                 19.57223982292612   
436                 19.57223982292612   
437                 18.996593549677605  
438                 20.72354569604698   
439                 19.57223982292612   
440                 18.420933949805264  
441                 18.42093394980526   
442                 20.72354569604698   
443                 19.57223982292612   
444                 17.269628076684402  
445                 20.72354569604698   
446                 18.420933949805264  
447                 19.57223982292612   
448                 19.57223982292612   
449                 19.57223982292612   
450                 17.269628076684405  
451                 19.572239822926118  
452                 20.72354569604698   
453                 17.269628076684405  
454                 20.72354569604698   
455                 19.57223982292612   
456                 17.269628076684405  
457                 20.72354569604698   
458                 19.57223982292612   
459                 18.420933949805264  
460                 17.269628076684405  
461                 19.572239822926118  
462                 20.72354569604698   
463                 18.420933949805264  
464                 19.57223982292612   
465                 17.269628076684405  
466                 20.72354569604698   
467                 19.57223982292612   
468                 17.269628076684405  
469                 20.72354569604698   
470                 19.57223982292612   
471                 19.57223982292612   
472                 18.996593549677605  
473                 20.72354569604698   
474                 19.57223982292612   
475                 17.269628076684405  
476                 19.572239822926118  
477                 20.72354569604698   
478                 17.269628076684405  
479                 20.72354569604698   
480                 19.57223982292612   
481                 17.269628076684405  
482                 20.72354569604698   
483                 19.57223982292612   
484                 18.420933949805264  
485                 17.269628076684405  
486                 19.572239822926118  
487                 20.72354569604698   
488                 18.420933949805264  
489                 19.57223982292612   
490                 17.269628076684405  
491                 20.72354569604698   
492                 19.57223982292612   
493                 17.269628076684405  
494                 20.72354569604698   
495                 19.57223982292612   
496                 19.57223982292612   
497                 18.996593549677605  
498                 20.72354569604698   
499                 19.57223982292612   
500                 17.269628076684405  
501                 19.572239822926118  
502                 20.72354569604698   
503                 17.269628076684405  
504                 20.72354569604698   
505                 19.57223982292612   
506                 17.269628076684405  
507                 20.72354569604698   
508                 19.57223982292612   
509                 18.420933949805264  
510                 17.269628076684405  
511                 19.572239822926118  
512                 20.72354569604698   
513                 18.420933949805264  
514                 19.57223982292612   
515                 17.269628076684405  
516                 20.72354569604698   
517                 19.57223982292612   
518                 17.269628076684405  
519                 20.72354569604698   
520                 19.57223982292612   
521                 19.57223982292612   
522                 18.996593549677605  
523                 20.72354569604698   
524                 19.57223982292612   
525                 18.420933949805264  
526                 18.42093394980526   
527                 20.72354569604698   
528                 18.420933949805264  
529                 19.57223982292612   
530                 17.845274349932918  
531                 18.42093394980526   
532                 19.57223982292612   
533                 19.57223982292612   
534                 18.996593549677605  
535                 20.72354569604698   
536                 19.57223982292612   
537                 17.269628076684405  
538                 19.572239822926118  
539                 20.72354569604698   
540                 17.269628076684405  
541                 20.72354569604698   
542                 19.57223982292612   
543                 21.29920529591932   
544                 17.269628076684405  
545                 20.72354569604698   
546                 19.57223982292612   
547                 18.420933949805264  
548                 20.147899422798467  
549                 20.72354569604698   
550                 19.57223982292612   
551                 17.269628076684405  
552                 19.572239822926118  
553                 20.72354569604698   
554                 17.269628076684405  
555                 20.72354569604698   
556                 18.420933949805264  
557                 19.57223982292612   
558                 19.57223982292612   
559                 17.269628076684405  
560                 20.72354569604698   
561                 18.420933949805264  
562                 19.57223982292612   
563                 19.57223982292612   
564                 18.996593549677605  
565                 20.72354569604698   
566                 19.57223982292612   
567                 17.269628076684405  
568                 20.72354569604698   
569                 18.420933949805264  
570                 19.57223982292612   
571                 19.57223982292612   
572                 19.57223982292612   
573                 17.269628076684405  
574                 19.572239822926118  
575                 20.72354569604698   
576                 17.269628076684405  
577                 20.72354569604698   
578                 19.57223982292612   
579                 17.269628076684405  
580                 20.72354569604698   
581                 19.57223982292612   
582                 18.420933949805264  
583                 17.269628076684405  
584                 19.572239822926118  
585                 20.72354569604698   
586                 18.420933949805264  
587                 19.57223982292612   
588                 17.269628076684405  
589                 20.72354569604698   
590                 19.57223982292612   
591                 17.269628076684405  
592                 20.72354569604698   
593                 19.57223982292612   
594                 19.57223982292612   
595                 18.996593549677605  
596                 20.72354569604698   
597                 19.57223982292612   
598                 17.269628076684405  
599                 19.572239822926118  
600                 20.72354569604698   
601                 17.269628076684405  
602                 20.72354569604698   
603                 19.57223982292612   
604                 17.269628076684405  
605                 20.72354569604698   
606                 19.57223982292612   
607                 18.420933949805264  
608                 17.269628076684405  
609                 19.572239822926118  
610                 20.72354569604698   
611                 18.420933949805264  
612                 19.57223982292612   
613                 17.269628076684405  
614                 20.72354569604698   
615                 19.57223982292612   
616                 17.269628076684405  
617                 20.72354569604698   
618                 19.57223982292612   
619                 19.57223982292612   
620                 18.996593549677605  
621                 20.72354569604698   
622                 19.57223982292612   
623                 17.269628076684405  
624                 19.572239822926118  
625                 20.72354569604698   
626                 17.269628076684405  
627                 20.72354569604698   
628                 18.420933949805264  
629                 19.57223982292612   
630                 19.57223982292612   
631                 17.269628076684405  
632                 20.72354569604698   
633                 18.420933949805264  
634                 19.57223982292612   
635                 19.57223982292612   
636                 18.996593549677605  
637                 20.72354569604698   
638                 19.57223982292612   
639                 19.57223982292612   
640                 18.420933949805264  
641                 18.420933949805264  
642                 19.57223982292612   
643                 17.269628076684405  
644                 20.72354569604698   
645                 19.57223982292612   
646                 17.269628076684405  
647                 20.72354569604698   
648                 17.269628076684405  
649                 19.572239822926118  
650                 20.72354569604698   
651                 17.269628076684405  
652                 20.72354569604698   
653                 19.57223982292612   
654                 17.269628076684405  
655                 20.72354569604698   
656                 19.57223982292612   
657                 18.420933949805264  
658                 17.269628076684405  
659                 19.572239822926118  
660                 20.72354569604698   
661                 18.420933949805264  
662                 19.57223982292612   
663                 17.269628076684405  
664                 20.72354569604698   
665                 19.57223982292612   
666                 17.269628076684405  
667                 20.72354569604698   
668                 19.57223982292612   
669                 19.57223982292612   
670                 18.996593549677605  
671                 20.72354569604698   
672                 19.57223982292612   
673                 17.269628076684405  
674                 19.572239822926118  
675                 20.72354569604698   
676                 17.269628076684405  
677                 20.72354569604698   
678                 19.57223982292612   
679                 17.269628076684405  
680                 20.72354569604698   
681                 19.57223982292612   
682                 18.420933949805264  
683                 17.269628076684405  
684                 19.572239822926118  
685                 20.72354569604698   
686                 18.420933949805264  
687                 19.57223982292612   
688                 17.269628076684405  
689                 20.72354569604698   
690                 19.57223982292612   
691                 17.269628076684405  
692                 20.72354569604698   
693                 19.57223982292612   
694                 19.57223982292612   
695                 18.996593549677605  
696                 20.72354569604698   
697                 19.57223982292612   
698                 17.269628076684405  
699                 19.572239822926118  
700                 20.72354569604698   
701                 17.269628076684405  
702                 20.72354569604698   
703                 19.57223982292612   
704                 17.269628076684405  
705                 20.72354569604698   
706                 19.57223982292612   
707                 18.420933949805264  
708                 17.269628076684405  
709                 19.572239822926118  
710                 20.72354569604698   
711                 18.420933949805264  
712                 19.57223982292612   
713                 17.269628076684405  
714                 20.72354569604698   
715                 19.57223982292612   
716                 17.269628076684405  
717                 20.72354569604698   
718                 19.57223982292612   
719                 19.57223982292612   
720                 18.996593549677605  
721                 20.72354569604698   
722                 19.57223982292612   
723                 17.269628076684405  
724                 19.572239822926118  
725                 20.72354569604698   
726                 17.269628076684405  
727                 20.72354569604698   
728                 19.57223982292612   
729                 17.269628076684405  
730                 20.72354569604698   
731                 19.57223982292612   
732                 18.420933949805264  
733                 17.269628076684405  
734                 19.572239822926118  
735                 20.72354569604698   
736                 18.420933949805264  
737                 19.57223982292612   
738                 17.269628076684405  
739                 20.72354569604698   
740                 19.57223982292612   
741                 17.269628076684405  
742                 20.72354569604698   
743                 17.269628076684405  
744                 19.572239822926118  
745                 20.72354569604698   
746                 17.269628076684405  
747                 20.72354569604698   
748                 19.57223982292612   
749                 17.269628076684405  
750                 20.72354569604698   
751                 19.57223982292612   
752                 18.420933949805264  
753                 17.269628076684405  
754                 19.572239822926118  
755                 20.72354569604698   
756                 18.420933949805264  
757                 19.57223982292612   
758                 17.269628076684405  
759                 20.72354569604698   
760                 19.57223982292612   
761                 17.269628076684405  
762                 20.72354569604698   
763                 19.57223982292612   
764                 19.57223982292612   
765                 18.996593549677605  
766                 20.72354569604698   
767                 19.57223982292612   
768                 17.269628076684405  
769                 19.572239822926118  
770                 20.72354569604698   
771                 17.269628076684405  
772                 20.72354569604698   
773                 19.57223982292612   
774                 17.269628076684405  
775                 20.72354569604698   
776                 19.57223982292612   
777                 18.420933949805264  
778                 17.269628076684405  
779                 19.572239822926118  
780                 20.72354569604698   
781                 18.420933949805264  
782                 19.57223982292612   
783                 17.269628076684405  
784                 20.72354569604698   
785                 19.57223982292612   
786                 17.269628076684405  
787                 20.72354569604698   
788                 19.57223982292612   
789                 19.57223982292612   
790                 18.996593549677605  
791                 20.72354569604698   
792                 19.57223982292612   
793                 17.269628076684405  
794                 19.572239822926118  
795                 20.72354569604698   
796                 17.269628076684405  
797                 20.72354569604698   
798                 19.57223982292612   
799                 17.269628076684405  
800                 20.72354569604698   
801                 19.57223982292612   
802                 18.420933949805264  
803                 17.269628076684405  
804                 19.572239822926118  
805                 20.72354569604698   
806                 18.420933949805264  
807                 19.57223982292612   
808                 17.269628076684405  
809                 20.72354569604698   
810                 19.57223982292612   
811                 17.269628076684405  
812                 20.72354569604698   
813                 19.57223982292612   
814                 19.57223982292612   
815                 18.996593549677605  
816                 20.72354569604698   
817                 19.57223982292612   
818                 17.269628076684405  
819                 19.572239822926118  
820                 20.72354569604698   
821                 17.269628076684405  
822                 20.72354569604698   
823                 18.420933949805264  
824                 19.57223982292612   
825                 19.57223982292612   
826                 17.269628076684405  
827                 20.72354569604698   
828                 18.420933949805264  
829                 19.57223982292612   
830                 19.57223982292612   
831                 18.996593549677605  
832                 20.72354569604698   
833                 19.57223982292612   
834                 19.57223982292612   
835                 18.420933949805264  
836                 18.420933949805264  
837                 19.57223982292612   
838                 19.57223982292612   
839                 21.29920529591932   
840                 17.269628076684405  
841                 20.72354569604698   
842                 18.420933949805264  
843                 19.57223982292612   
844                 19.57223982292612   
845                 18.996593549677605  
846                 20.72354569604698   
847                 19.57223982292612   
848                 19.57223982292612   
849                 19.57223982292612   
850                 18.996593549677605  
851                 20.72354569604698   
852                 19.57223982292612   
853                 18.420933949805264  
854                 18.42093394980526   
855                 20.72354569604698   
856                 19.57223982292612   
857                 17.269628076684402  
858                 20.72354569604698   
859                 18.420933949805264  
860                 19.57223982292612   
861                 19.57223982292612   
862                 19.57223982292612   
863                 17.269628076684405  
864                 19.572239822926118  
865                 20.72354569604698   
866                 17.269628076684405  
867                 20.72354569604698   
868                 19.57223982292612   
869                 17.269628076684405  
870                 20.72354569604698   
871                 19.57223982292612   
872                 18.420933949805264  
873                 17.269628076684405  
874                 19.572239822926118  
875                 20.72354569604698   
876                 18.420933949805264  
877                 19.57223982292612   
878                 17.269628076684405  
879                 20.72354569604698   
880                 19.57223982292612   
881                 17.269628076684405  
882                 20.72354569604698   
883                 19.57223982292612   
884                 19.57223982292612   
885                 18.996593549677605  
886                 20.72354569604698   
887                 19.57223982292612   
888                 17.269628076684405  
889                 19.572239822926118  
890                 20.72354569604698   
891                 17.269628076684405  
892                 20.72354569604698   
893                 19.57223982292612   
894                 17.269628076684405  
895                 20.72354569604698   
896                 19.57223982292612   
897                 18.420933949805264  
898                 17.269628076684405  
899                 19.572239822926118  
900                 20.72354569604698   
901                 18.420933949805264  
902                 19.57223982292612   
903                 17.269628076684405  
904                 20.72354569604698   
905                 19.57223982292612   
906                 17.269628076684405  
907                 20.72354569604698   
908                 19.57223982292612   
909                 19.57223982292612   
910                 18.996593549677605  
911                 20.72354569604698   
912                 19.57223982292612   
913                 17.269628076684405  
914                 19.572239822926118  
915                 20.72354569604698   
916                 17.269628076684405  
917                 20.72354569604698   
918                 19.57223982292612   
919                 17.269628076684405  
920                 20.72354569604698   
921                 19.57223982292612   
922                 18.420933949805264  
923                 17.269628076684405  
924                 19.572239822926118  
925                 20.72354569604698   
926                 18.420933949805264  
927                 19.57223982292612   
928                 17.269628076684405  
929                 20.72354569604698   
930                 19.57223982292612   
931                 17.269628076684405  
932                 20.72354569604698   
933                 19.57223982292612   
934                 19.57223982292612   
935                 18.996593549677605  
936                 20.72354569604698   
937                 19.57223982292612   
938                 18.420933949805264  
939                 18.42093394980526   
940                 20.72354569604698   
941                 18.420933949805264  
942                 19.57223982292612   
943                 17.845274349932918  
944                 18.42093394980526   
945                 19.57223982292612   
946                 19.57223982292612   
947                 18.996593549677605  
948                 20.72354569604698   
949                 19.57223982292612   
950                 17.269628076684405  
951                 19.572239822926118  
952                 20.72354569604698   
953                 17.269628076684405  
954                 20.72354569604698   
955                 19.57223982292612   
956                 21.29920529591932   
957                 17.269628076684405  
958                 20.72354569604698   
959                 19.57223982292612   
960                 18.420933949805264  
961                 20.147899422798467  
962                 20.72354569604698   
963                 19.57223982292612   
964                 17.269628076684405  
965                 19.572239822926118  
966                 20.72354569604698   
967                 17.269628076684405  
968                 20.72354569604698   
969                 18.420933949805264  
970                 19.57223982292612   
971                 19.57223982292612   
972                 17.269628076684405  
973                 20.72354569604698   
974                 18.420933949805264  
975                 19.57223982292612   
976                 19.57223982292612   
977                 18.996593549677605  
978                 20.72354569604698   
979                 19.57223982292612   
980                 17.269628076684405  
981                 20.72354569604698   
982                 18.420933949805264  
983                 19.57223982292612   
984                 19.57223982292612   
985                 19.57223982292612   
986                 17.269628076684405  
987                 19.572239822926118  
988                 20.72354569604698   
989                 17.269628076684405  
990                 20.72354569604698   
991                 19.57223982292612   
992                 17.269628076684405  
993                 20.72354569604698   
994                 19.57223982292612   
995                 18.420933949805264  
996                 17.269628076684405  
997                 19.572239822926118  
998                 20.72354569604698   
999                 18.420933949805264  
1000                19.57223982292612   
1001                17.269628076684405  
1002                20.72354569604698   
1003                19.57223982292612   
1004                17.269628076684405  
1005                20.72354569604698   
1006                19.57223982292612   
1007                19.57223982292612   
1008                18.996593549677605  
1009                20.72354569604698   
1010                19.57223982292612   
1011                17.269628076684405  
1012                19.572239822926118  
1013                20.72354569604698   
1014                17.269628076684405  
1015                20.72354569604698   
1016                19.57223982292612   
1017                17.269628076684405  
1018                20.72354569604698   
1019                19.57223982292612   
1020                18.420933949805264  
1021                17.269628076684405  
1022                19.572239822926118  
1023                20.72354569604698   
1024                17.269628076684405  
1025                20.72354569604698   
1026                19.57223982292612   
1027                17.269628076684405  
1028                20.72354569604698   
1029                19.57223982292612   
1030                18.420933949805264  
1031                17.269628076684405  
1032                19.572239822926118  
1033                20.72354569604698   
1034                18.420933949805264  
1035                19.57223982292612   
1036                17.269628076684405  
1037                20.72354569604698   
1038                19.57223982292612   
1039                17.269628076684405  
1040                20.72354569604698   
1041                19.57223982292612   
1042                19.57223982292612   
1043                18.996593549677605  
1044                20.72354569604698   
1045                19.57223982292612   
1046                17.269628076684405  
1047                19.572239822926118  
1048                20.72354569604698   
1049                17.269628076684405  
1050                20.72354569604698   
1051                19.57223982292612   
1052                17.269628076684405  
1053                20.72354569604698   
1054                19.57223982292612   
1055                18.420933949805264  
1056                17.269628076684405  
1057                19.572239822926118  
1058                20.72354569604698   
1059                18.420933949805264  
1060                19.57223982292612   
1061                17.269628076684405  
1062                20.72354569604698   
1063                19.57223982292612   
1064                17.269628076684405  
1065                20.72354569604698   
1066                19.57223982292612   
1067                19.57223982292612   
1068                18.996593549677605  
1069                20.72354569604698   
1070                19.57223982292612   
1071                17.269628076684405  
1072                19.572239822926118  
1073                20.72354569604698   
1074                17.269628076684405  
1075                20.72354569604698   
1076                19.57223982292612   
1077                17.269628076684405  
1078                20.72354569604698   
1079                19.57223982292612   
1080                18.420933949805264  
1081                17.269628076684405  
1082                19.572239822926118  
1083                20.72354569604698   
1084                18.420933949805264  
1085                19.57223982292612   
1086                17.269628076684405  
1087                20.72354569604698   
1088                19.57223982292612   
1089                17.269628076684405  
1090                20.72354569604698   
1091                17.269628076684405  
1092                19.572239822926118  
1093                20.72354569604698   
1094                17.269628076684405  
1095                20.72354569604698   
1096                19.57223982292612   
1097                17.269628076684405  
1098                20.72354569604698   
1099                19.57223982292612   
1100                18.420933949805264  
1101                17.269628076684405  
1102                19.572239822926118  
1103                20.72354569604698   
1104                18.420933949805264  
1105                19.57223982292612   
1106                17.269628076684405  
1107                20.72354569604698   
1108                19.57223982292612   
1109                17.269628076684405  
1110                20.72354569604698   
1111                19.57223982292612   
1112                19.57223982292612   
1113                18.996593549677605  
1114                20.72354569604698   
1115                19.57223982292612   
1116                17.269628076684405  
1117                19.572239822926118  
1118                20.72354569604698   
1119                17.269628076684405  
1120                20.72354569604698   
1121                19.57223982292612   
1122                17.269628076684405  
1123                20.72354569604698   
1124                19.57223982292612   
1125                18.420933949805264  
1126                17.269628076684405  
1127                19.572239822926118  
1128                20.72354569604698   
1129                18.420933949805264  
1130                19.57223982292612   
1131                17.269628076684405  
1132                20.72354569604698   
1133                19.57223982292612   
1134                17.269628076684405  
1135                20.72354569604698   
1136                19.57223982292612   
1137                19.57223982292612   
1138                18.996593549677605  
1139                20.72354569604698   
1140                19.57223982292612   
1141                17.269628076684405  
1142                19.572239822926118  
1143                20.72354569604698   
1144                17.269628076684405  
1145                20.72354569604698   
1146                19.57223982292612   
1147                17.269628076684405  
1148                20.72354569604698   
1149                19.57223982292612   
1150                18.420933949805264  
1151                17.269628076684405  
1152                19.572239822926118  
1153                20.72354569604698   
1154                18.420933949805264  
1155                19.57223982292612   
1156                17.269628076684405  
1157                20.72354569604698   
1158                19.57223982292612   
1159                17.269628076684405  
1160                20.72354569604698   
1161                19.57223982292612   
1162                19.57223982292612   
1163                18.996593549677605  
1164                20.72354569604698   
1165                19.57223982292612   
1166                17.269628076684405  
1167                19.572239822926118  
1168                20.72354569604698   
1169                17.269628076684405  
1170                20.72354569604698   
1171                19.57223982292612   
1172                17.269628076684405  
1173                20.72354569604698   
1174                19.57223982292612   
1175                18.420933949805264  
1176                17.269628076684405  
1177                19.572239822926118  
1178                20.72354569604698   
1179                18.420933949805264  
1180                19.57223982292612   
1181                17.269628076684405  
1182                20.72354569604698   
1183                19.57223982292612   
1184                17.269628076684405  
1185                20.72354569604698   
1186                17.269628076684405  
1187                19.572239822926118  
1188                20.72354569604698   
1189                17.269628076684405  
1190                20.72354569604698   
1191                19.57223982292612   
1192                17.269628076684405  
1193                20.72354569604698   
1194                19.57223982292612   
1195                18.420933949805264  
1196                17.269628076684405  
1197                19.572239822926118  
1198                20.72354569604698   
1199                18.420933949805264  
1200                19.57223982292612   
1201                17.269628076684405  
1202                20.72354569604698   
1203                19.57223982292612   
1204                17.269628076684405  
1205                20.72354569604698   
1206                19.57223982292612   
1207                19.57223982292612   
1208                18.996593549677605  
1209                20.72354569604698   
1210                19.57223982292612   
1211                17.269628076684405  
1212                19.572239822926118  
1213                20.72354569604698   
1214                17.269628076684405  
1215                20.72354569604698   
1216                19.57223982292612   
1217                17.269628076684405  
1218                20.72354569604698   
1219                19.57223982292612   
1220                18.420933949805264  
1221                17.269628076684405  
1222                19.572239822926118  
1223                20.72354569604698   
1224                18.420933949805264  
1225                19.57223982292612   
1226                17.269628076684405  
1227                20.72354569604698   
1228                19.57223982292612   
1229                17.269628076684405  
1230                20.72354569604698   
1231                19.57223982292612   
1232                19.57223982292612   
1233                18.996593549677605  
1234                20.72354569604698   
1235                19.57223982292612   
1236                17.269628076684405  
1237                19.572239822926118  
1238                20.72354569604698   
1239                17.269628076684405  
1240                20.72354569604698   
1241                19.57223982292612   
1242                17.269628076684405  
1243                20.72354569604698   
1244                19.57223982292612   
1245                18.420933949805264  
1246                17.269628076684405  
1247                19.572239822926118  
1248                20.72354569604698   
1249                18.420933949805264  
1250                19.57223982292612   
1251                17.269628076684405  
1252                20.72354569604698   
1253                19.57223982292612   
1254                17.269628076684405  
1255                20.72354569604698   
1256                19.57223982292612   
1257                19.57223982292612   
1258                18.996593549677605  
1259                20.72354569604698   
1260                19.57223982292612   
1261                17.269628076684405  
1262                19.572239822926118  
1263                20.72354569604698   
1264                17.269628076684405  
1265                20.72354569604698   
1266                18.420933949805264  
1267                19.57223982292612   
1268                19.57223982292612   
1269                17.269628076684405  
1270                20.72354569604698   
1271                18.420933949805264  
1272                19.57223982292612   
1273                19.57223982292612   
1274                18.996593549677605  
1275                20.72354569604698   
1276                19.57223982292612   
1277                19.57223982292612   
1278                18.420933949805264  
1279                18.420933949805264  
1280                19.57223982292612   
1281                19.57223982292612   
1282                21.29920529591932   
1283                17.269628076684405  
1284                20.72354569604698   
1285                18.420933949805264  
1286                19.57223982292612   
1287                19.57223982292612   
1288                18.996593549677605  
1289                20.72354569604698   
1290                19.57223982292612   
1291                19.57223982292612   
1292                19.57223982292612   
1293                18.42093394980526   
1294                19.57223982292612   
1295                19.57223982292612   
1296                18.996593549677605  
1297                20.72354569604698   
1298                19.57223982292612   
1299                18.420933949805264  
1300                18.420933949805264  
1301                18.42093394980526   
1302                20.72354569604698   
1303                18.420933949805264  
1304                19.57223982292612   
1305                17.269628076684405  
1306                20.72354569604698   
1307                19.57223982292612   
1308                17.269628076684405  
1309                20.72354569604698   
1310                19.57223982292612   
1311                19.57223982292612   
1312                18.996593549677605  
1313                20.72354569604698   
1314                19.57223982292612   
1315                17.269628076684405  
1316                19.572239822926118  
1317                20.72354569604698   
1318                17.269628076684405  
1319                20.72354569604698   
1320                19.57223982292612   
1321                18.996593549677605  
1322                20.72354569604698   
1323                19.57223982292612   
1324                18.420933949805264  
1325                18.420933949805264  
1326                18.42093394980526   
1327                20.72354569604698   
1328                19.57223982292612   
1329                17.269628076684402  
1330                20.72354569604698   
1331                18.420933949805264  
1332                19.57223982292612   
1333                19.57223982292612   
1334                19.57223982292612   
1335                17.269628076684405  
1336                19.572239822926118  
1337                20.72354569604698   
1338                18.420933949805264  
1339                19.57223982292612   
1340                17.269628076684405  
1341                20.72354569604698   
1342                19.57223982292612   
1343                17.269628076684405  
1344                20.72354569604698   
1345                19.57223982292612   
1346                19.57223982292612   
1347                18.996593549677605  
1348                20.72354569604698   
1349                19.57223982292612   
1350                18.420933949805264  
1351                18.42093394980526   
1352                20.72354569604698   
1353                18.420933949805264  
1354                19.57223982292612   
1355                17.845274349932918  
1356                18.42093394980526   
1357                19.57223982292612   
1358                19.57223982292612   
1359                18.996593549677605  
1360                20.72354569604698   
1361                19.57223982292612   
1362                17.269628076684405  
1363                19.572239822926118  
1364                20.72354569604698   
1365                17.269628076684405  
1366                20.72354569604698   
1367                18.420933949805264  
1368                19.57223982292612   
1369                19.57223982292612   
1370                17.269628076684405  
1371                20.72354569604698   
1372                18.420933949805264  
1373                19.57223982292612   
1374                19.57223982292612   
1375                18.996593549677605  
1376                20.72354569604698   
1377                19.57223982292612   
1378                17.269628076684405  
1379                20.72354569604698   
1380                18.420933949805264  
1381                19.57223982292612   
1382                19.57223982292612   
1383                19.57223982292612   
1384                17.269628076684405  
1385                19.572239822926118  
1386                20.72354569604698   
1387                17.269628076684405  
1388                20.72354569604698   
1389                19.57223982292612   
1390                17.269628076684405  
1391                20.72354569604698   
1392                19.57223982292612   
1393                18.420933949805264  
1394                17.269628076684405  
1395                19.572239822926118  
1396                20.72354569604698   
1397                18.420933949805264  
1398                19.57223982292612   
1399                17.269628076684405  
1400                20.72354569604698   
1401                19.57223982292612   
1402                17.269628076684405  
1403                20.72354569604698   
1404                19.57223982292612   
1405                19.57223982292612   
1406                18.996593549677605  
1407                20.72354569604698   
1408                19.57223982292612   
1409                17.269628076684405  
1410                19.572239822926118  
1411                20.72354569604698   
1412                17.269628076684405  
1413                20.72354569604698   
1414                18.420933949805264  
1415                19.57223982292612   
1416                19.57223982292612   
1417                17.269628076684405  
1418                20.72354569604698   
1419                18.420933949805264  
1420                19.57223982292612   
1421                19.57223982292612   
1422                18.996593549677605  
1423                20.72354569604698   
1424                19.57223982292612   
1425                19.57223982292612   
1426                18.420933949805264  
1427                18.420933949805264  
1428                19.57223982292612   
1429                17.269628076684405  
1430                20.72354569604698   
1431                19.57223982292612   
1432                17.269628076684405  
1433                20.72354569604698   
1434                19.57223982292612   
1435                19.57223982292612   
1436                18.996593549677605  
1437                20.72354569604698   
1438                19.57223982292612   
1439                18.420933949805264  
1440                18.42093394980526   
1441                20.72354569604698   
1442                18.420933949805264  
1443                19.57223982292612   
1444                17.845274349932918  
1445                18.42093394980526   
1446                19.57223982292612   
1447                19.57223982292612   
1448                18.996593549677605  
1449                20.72354569604698   
1450                19.57223982292612   
1451                17.269628076684405  
1452                19.572239822926118  
1453                20.72354569604698   
1454                17.269628076684405  
1455                20.72354569604698   
1456                18.420933949805264  
1457                19.57223982292612   
1458                19.57223982292612   
1459                17.269628076684405  
1460                20.72354569604698   
1461                18.420933949805264  
1462                19.57223982292612   
1463                19.57223982292612   
1464                18.996593549677605  
1465                20.72354569604698   
1466                19.57223982292612   
1467                17.269628076684405  
1468                20.72354569604698   
1469                18.420933949805264  
1470                19.57223982292612   
1471                19.57223982292612   
1472                19.57223982292612   
1473                17.269628076684405  
1474                19.572239822926118  
1475                20.72354569604698   
1476                17.269628076684405  
1477                20.72354569604698   
1478                19.57223982292612   
1479                17.269628076684405  
1480                20.72354569604698   
1481                19.57223982292612   
1482                18.420933949805264  
1483                17.269628076684405  
1484                19.572239822926118  
1485                20.72354569604698   
1486                18.420933949805264  
1487                19.57223982292612   
1488                17.269628076684405  
1489                20.72354569604698   
1490                19.57223982292612   
1491                17.269628076684405  
1492                20.72354569604698   
1493                19.57223982292612   
1494                19.57223982292612   
1495                18.996593549677605  
1496                20.72354569604698   
1497                19.57223982292612   
1498                17.269628076684405  
1499                19.572239822926118  
1500                20.72354569604698   
1501                17.269628076684405  
1502                20.72354569604698   
1503                19.57223982292612   
1504                17.269628076684405  
1505                20.72354569604698   
1506                19.57223982292612   
1507                18.420933949805264  
1508                17.269628076684405  
1509                19.572239822926118  
1510                20.72354569604698   
1511                18.420933949805264  
1512                19.57223982292612   
1513                17.269628076684405  
1514                20.72354569604698   
1515                19.57223982292612   
1516                17.269628076684405  
1517                20.72354569604698   
1518                19.57223982292612   
1519                19.57223982292612   
1520                18.996593549677605  
1521                20.72354569604698   
1522                19.57223982292612   
1523                17.269628076684405  
1524                19.572239822926118  
1525                20.72354569604698   
1526                17.269628076684405  
1527                20.72354569604698   
1528                19.57223982292612   
1529                18.996593549677605  
1530                20.72354569604698   
1531                19.57223982292612   
1532                18.420933949805264  
1533                18.420933949805264  
1534                18.42093394980526   
1535                20.72354569604698   
1536                19.57223982292612   
1537                17.269628076684402  
1538                20.72354569604698   
1539                18.420933949805264  
1540                19.57223982292612   
1541                19.57223982292612   
1542                19.57223982292612   
1543                17.269628076684405  
1544                19.572239822926118  
1545                20.72354569604698   
1546                18.420933949805264  
1547                19.57223982292612   
1548                17.269628076684405  
1549                20.72354569604698   
1550                19.57223982292612   
1551                17.269628076684405  
1552                20.72354569604698   
1553                19.57223982292612   
1554                19.57223982292612   
1555                18.996593549677605  
1556                20.72354569604698   
1557                19.57223982292612   
1558                18.420933949805264  
1559                18.42093394980526   
1560                20.72354569604698   
1561                18.420933949805264  
1562                19.57223982292612   
1563                17.845274349932918  
1564                18.42093394980526   
1565                19.57223982292612   
1566                19.57223982292612   
1567                18.996593549677605  
1568                20.72354569604698   
1569                19.57223982292612   
1570                17.269628076684405  
1571                19.572239822926118  
1572                20.72354569604698   
1573                17.269628076684405  
1574                20.72354569604698   
1575                18.420933949805264  
1576                19.57223982292612   
1577                19.57223982292612   
1578                17.269628076684405  
1579                20.72354569604698   
1580                18.420933949805264  
1581                19.57223982292612   
1582                19.57223982292612   
1583                18.996593549677605  
1584                20.72354569604698   
1585                19.57223982292612   
1586                17.269628076684405  
1587                20.72354569604698   
1588                18.420933949805264  
1589                19.57223982292612   
1590                19.57223982292612   
1591                19.57223982292612   
1592                17.269628076684405  
1593                19.572239822926118  
1594                20.72354569604698   
1595                17.269628076684405  
1596                20.72354569604698   
1597                19.57223982292612   
1598                17.269628076684405  
1599                20.72354569604698   
1600                19.57223982292612   
1601                18.420933949805264  
1602                17.269628076684405  
1603                19.572239822926118  
1604                20.72354569604698   
1605                18.420933949805264  
1606                19.57223982292612   
1607                17.269628076684405  
1608                20.72354569604698   
1609                19.57223982292612   
1610                17.269628076684405  
1611                20.72354569604698   
1612                19.57223982292612   
1613                19.57223982292612   
1614                18.996593549677605  
1615                20.72354569604698   
1616                19.57223982292612   
1617                17.269628076684405  
1618                19.572239822926118  
1619                20.72354569604698   
1620                17.269628076684405  
1621                20.72354569604698   
1622                18.420933949805264  
1623                19.57223982292612   
1624                19.57223982292612   
1625                17.269628076684405  
1626                20.72354569604698   
1627                18.420933949805264  
1628                19.57223982292612   
1629                19.57223982292612   
1630                18.996593549677605  
1631                20.72354569604698   
1632                19.57223982292612   
1633                19.57223982292612   
1634                18.420933949805264  
1635                18.420933949805264  
1636                19.57223982292612   
1637                17.269628076684405  
1638                20.72354569604698   
1639                19.57223982292612   
1640                17.269628076684405  
1641                20.72354569604698   
1642                19.57223982292612   
1643                19.57223982292612   
1644                18.996593549677605  
1645                20.72354569604698   
1646                19.57223982292612   
1647                18.420933949805264  
1648                18.42093394980526   
1649                20.72354569604698   
1650                18.420933949805264  
1651                19.57223982292612   
1652                17.845274349932918  
1653                18.42093394980526   
1654                19.57223982292612   
1655                19.57223982292612   
1656                18.996593549677605  
1657                20.72354569604698   
1658                19.57223982292612   
1659                17.269628076684405  
1660                19.572239822926118  
1661                20.72354569604698   
1662                17.269628076684405  
1663                20.72354569604698   
1664                18.420933949805264  
1665                19.57223982292612   
1666                19.57223982292612   
1667                17.269628076684405  
1668                20.72354569604698   
1669                18.420933949805264  
1670                19.57223982292612   
1671                19.57223982292612   
1672                18.996593549677605  
1673                20.72354569604698   
1674                19.57223982292612   
1675                17.269628076684405  
1676                20.72354569604698   
1677                18.420933949805264  
1678                19.57223982292612   
1679                19.57223982292612   
1680                19.57223982292612   
1681                17.269628076684405  
1682                19.572239822926118  
1683                20.72354569604698   
1684                17.269628076684405  
1685                20.72354569604698   
1686                19.57223982292612   
1687                17.269628076684405  
1688                20.72354569604698   
1689                19.57223982292612   
1690                18.420933949805264  
1691                17.269628076684405  
1692                19.572239822926118  
1693                20.72354569604698   
1694                18.420933949805264  
1695                19.57223982292612   
1696                17.269628076684405  
1697                20.72354569604698   
1698                19.57223982292612   
1699                17.269628076684405  
1700                20.72354569604698   
1701                19.57223982292612   
1702                19.57223982292612   
1703                18.996593549677605  
1704                20.72354569604698   
1705                19.57223982292612   
1706                17.269628076684405  
1707                19.572239822926118  
1708                20.72354569604698   
1709                17.269628076684405  
1710                20.72354569604698   
1711                19.57223982292612   
1712                17.269628076684405  
1713                20.72354569604698   
1714                19.57223982292612   
1715                18.420933949805264  
1716                17.269628076684405  
1717                19.572239822926118  
1718                20.72354569604698   
1719                18.420933949805264  
1720                19.57223982292612   
1721                17.269628076684405  
1722                20.72354569604698   
1723                19.57223982292612   
1724                17.269628076684405  
1725                20.72354569604698   
1726                19.57223982292612   
1727                19.57223982292612   
1728                18.996593549677605  
1729                20.72354569604698   
1730                19.57223982292612   
1731                17.269628076684405  
1732                19.572239822926118  
1733                20.72354569604698   
1734                17.269628076684405  
1735                20.72354569604698   
1736                18.420933949805264  
1737                19.57223982292612   
1738                19.57223982292612   
1739                17.269628076684405  
1740                20.72354569604698   
1741                18.420933949805264  
1742                19.57223982292612   
1743                19.57223982292612   
1744                18.996593549677605  
1745                20.72354569604698   
1746                19.57223982292612   
1747                19.57223982292612   
1748                18.420933949805264  
1749                18.420933949805264  
1750                19.57223982292612   
1751                19.57223982292612   
1752                21.29920529591932   
1753                17.269628076684405  
1754                20.72354569604698   
1755                18.420933949805264  
1756                19.57223982292612   
1757                19.57223982292612   
1758                18.996593549677605  
1759                20.72354569604698   
1760                19.57223982292612   
1761                19.57223982292612   
1762                18.420933949805264  
1763                18.420933949805264  
1764                19.57223982292612   
1765                19.57223982292612   
1766                21.29920529591932   
1767                17.269628076684405  
1768                20.72354569604698   
1769                18.420933949805264  
1770                19.57223982292612   
1771                19.57223982292612   
1772                18.996593549677605  
1773                20.72354569604698   
1774                19.57223982292612   
1775                19.57223982292612   
1776                19.57223982292612   
1777                18.996593549677605  
1778                20.72354569604698   
1779                19.57223982292612   
1780                18.420933949805264  
1781                18.42093394980526   
1782                20.72354569604698   
1783                19.57223982292612   
1784                17.269628076684402  
1785                20.72354569604698   
1786                18.420933949805264  
1787                19.57223982292612   
1788                19.57223982292612   
1789                19.57223982292612   
1790                17.269628076684405  
1791                19.572239822926118  
1792                20.72354569604698   
1793                18.420933949805264  
1794                19.57223982292612   
1795                17.269628076684405  
1796                20.72354569604698   
1797                19.57223982292612   
1798                17.269628076684405  
1799                20.72354569604698   
1800                19.57223982292612   
1801                19.57223982292612   
1802                18.996593549677605  
1803                20.72354569604698   
1804                19.57223982292612   
1805                17.269628076684405  
1806                19.572239822926118  
1807                20.72354569604698   
1808                17.269628076684405  
1809                20.72354569604698   
1810                19.57223982292612   
1811                17.269628076684405  
1812                20.72354569604698   
1813                19.57223982292612   
1814                18.420933949805264  
1815                17.269628076684405  
1816                19.572239822926118  
1817                20.72354569604698   
1818                17.269628076684405  
1819                20.72354569604698   
1820                19.57223982292612   
1821                17.269628076684405  
1822                20.72354569604698   
1823                19.57223982292612   
1824                18.420933949805264  
1825                17.269628076684405  
1826                19.572239822926118  
1827                20.72354569604698   
1828                18.420933949805264  
1829                19.57223982292612   
1830                17.269628076684405  
1831                20.72354569604698   
1832                19.57223982292612   
1833                17.269628076684405  
1834                20.72354569604698   
1835                19.57223982292612   
1836                19.57223982292612   
1837                18.996593549677605  
1838                20.72354569604698   
1839                19.57223982292612   
1840                17.269628076684405  
1841                19.572239822926118  
1842                20.72354569604698   
1843                17.269628076684405  
1844                20.72354569604698   
1845                19.57223982292612   
1846                17.269628076684405  
1847                20.72354569604698   
1848                19.57223982292612   
1849                18.420933949805264  
1850                17.269628076684405  
1851                19.572239822926118  
1852                20.72354569604698   
1853                18.420933949805264  
1854                19.57223982292612   
1855                17.269628076684405  
1856                20.72354569604698   
1857                19.57223982292612   
1858                17.269628076684405  
1859                20.72354569604698   
1860                19.57223982292612   
1861                19.57223982292612   
1862                18.996593549677605  
1863                20.72354569604698   
1864                19.57223982292612   
1865                17.269628076684405  
1866                19.572239822926118  
1867                20.72354569604698   
1868                17.269628076684405  
1869                20.72354569604698   
1870                19.57223982292612   
1871                17.269628076684405  
1872                20.72354569604698   
1873                19.57223982292612   
1874                18.420933949805264  
1875                17.269628076684405  
1876                19.572239822926118  
1877                20.72354569604698   
1878                18.420933949805264  
1879                19.57223982292612   
1880                17.269628076684405  
1881                20.72354569604698   
1882                19.57223982292612   
1883                17.269628076684405  
1884                20.72354569604698   
1885                17.269628076684405  
1886                19.572239822926118  
1887                20.72354569604698   
1888                17.269628076684405  
1889                20.72354569604698   
1890                19.57223982292612   
1891                17.269628076684405  
1892                20.72354569604698   
1893                19.57223982292612   
1894                18.420933949805264  
1895                17.269628076684405  
1896                19.572239822926118  
1897                20.72354569604698   
1898                18.420933949805264  
1899                19.57223982292612   
1900                17.269628076684405  
1901                20.72354569604698   
1902                19.57223982292612   
1903                17.269628076684405  
1904                20.72354569604698   
1905                19.57223982292612   
1906                19.57223982292612   
1907                18.996593549677605  
1908                20.72354569604698   
1909                19.57223982292612   
1910                17.269628076684405  
1911                19.572239822926118  
1912                20.72354569604698   
1913                17.269628076684405  
1914                20.72354569604698   
1915                19.57223982292612   
1916                17.269628076684405  
1917                20.72354569604698   
1918                19.57223982292612   
1919                18.420933949805264  
1920                17.269628076684405  
1921                19.572239822926118  
1922                20.72354569604698   
1923                18.420933949805264  
1924                19.57223982292612   
1925                17.269628076684405  
1926                20.72354569604698   
1927                19.57223982292612   
1928                17.269628076684405  
1929                20.72354569604698   
1930                19.57223982292612   
1931                19.57223982292612   
1932                18.996593549677605  
1933                20.72354569604698   
1934                19.57223982292612   
1935                17.269628076684405  
1936                19.572239822926118  
1937                20.72354569604698   
1938                17.269628076684405  
1939                20.72354569604698   
1940                19.57223982292612   
1941                17.269628076684405  
1942                20.72354569604698   
1943                19.57223982292612   
1944                18.420933949805264  
1945                17.269628076684405  
1946                19.572239822926118  
1947                20.72354569604698   
1948                18.420933949805264  
1949                19.57223982292612   
1950                17.269628076684405  
1951                20.72354569604698   
1952                19.57223982292612   
1953                17.269628076684405  
1954                20.72354569604698   
1955                19.57223982292612   
1956                19.57223982292612   
1957                18.996593549677605  
1958                20.72354569604698   
1959                19.57223982292612   
1960                17.269628076684405  
1961                19.572239822926118  
1962                20.72354569604698   
1963                17.269628076684405  
1964                20.72354569604698   
1965                19.57223982292612   
1966                17.269628076684405  
1967                20.72354569604698   
1968                19.57223982292612   
1969                18.420933949805264  
1970                17.269628076684405  
1971                19.572239822926118  
1972                20.72354569604698   
1973                18.420933949805264  
1974                19.57223982292612   
1975                17.269628076684405  
1976                20.72354569604698   
1977                19.57223982292612   
1978                17.269628076684405  
1979                20.72354569604698   
1980                17.269628076684405  
1981                19.572239822926118  
1982                20.72354569604698   
1983                17.269628076684405  
1984                20.72354569604698   
1985                19.57223982292612   
1986                17.269628076684405  
1987                20.72354569604698   
1988                19.57223982292612   
1989                18.420933949805264  
1990                17.269628076684405  
1991                19.572239822926118  
1992                20.72354569604698   
1993                18.420933949805264  
1994                19.57223982292612   
1995                17.269628076684405  
1996                20.72354569604698   
1997                19.57223982292612   
1998                17.269628076684405  
1999                20.72354569604698   
========================================
