Epoch               Cost                
========================================
0                   14.96714959668105   
1                   14.96714959668105   
2                   19.571973290449385  
3                   14.96714959668105   
4                   14.96714959668105   
5                   19.571973290449385  
6                   14.96714959668105   
7                   14.96714959668105   
8                   19.571973290449385  
9                   14.96714959668105   
========================================
Epoch               Cost                
========================================
0                   0.5756595998723479  
1                   0.5756595998723479  
2                   0.5756595998723479  
3                   0.5756595998723479  
4                   0.5756595998723479  
5                   0.5756595998723479  
6                   0.5756595998723479  
7                   0.5756595998723479  
8                   0.5756595998723479  
9                   0.5756595998723479  
========================================
Epoch               Cost                
========================================
0                   0.5756595998723479  
1                   0.5756595998723479  
2                   0.5756595998723479  
3                   0.5756595998723479  
4                   0.5756595998723479  
5                   0.5756595998723479  
6                   0.5756595998723479  
7                   0.5756595998723479  
8                   0.5756595998723479  
9                   0.5756595998723479  
========================================
Epoch               Cost                
========================================
0                   17.845274349932915  
1                   19.57223982292612   
2                   18.420933949805264  
3                   19.57223982292612   
4                   20.147899422798467  
5                   20.72354569604698   
6                   19.57223982292612   
7                   21.29920529591932   
8                   17.269628076684405  
9                   20.72354569604698   
========================================
